HMMER3/b [3.0b2 | June 2009]
NAME  RnaseH
ACC   PF00075.17
DESC  RNase H
LENG  131
ALPH  amino
RF    no
CS    yes
MAP   yes
DATE  Tue Sep 22 13:56:53 2009
NSEQ  66
EFFN  3.589233
CKSUM 840804872
GA    21.30 21.30;
TC    21.30 21.30;
NC    21.20 21.20;
BM    hmmbuild HMM.ann SEED.ann
SM    hmmsearch -Z 9421015 -E 1000 HMM pfamseq
STATS LOCAL MSV       -9.7801  0.71178
STATS LOCAL VITERBI  -11.2896  0.71178
STATS LOCAL FORWARD   -3.8105  0.71178
HMM          A        C        D        E        F        G        H        I        K        L        M        N        P        Q        R        S        T        V        W        Y   
            m->m     m->i     m->d     i->m     i->i     d->m     d->d
  COMPO   2.37258  4.30466  2.89062  2.64673  3.51889  2.80252  3.58852  2.93930  2.67615  2.60115  3.82605  2.94610  3.43599  3.02104  2.98088  2.56450  2.79222  2.70878  4.46334  3.48784
          2.68618  4.42225  2.77519  2.73123  3.46354  2.40513  3.72494  3.29354  2.67741  2.69355  4.24690  2.90347  2.73739  3.18146  2.89801  2.37887  2.77519  2.98518  4.58477  3.61503
          0.00938  5.06986  5.79221  0.61958  0.77255  0.00000        *
      1   2.90510  5.40685  2.60566  2.17613  4.74817  3.31723  3.38515  3.89567  2.40501  3.31546  4.20850  2.51836  2.32012  2.88869  2.32973  2.71743  2.94570  3.38890  5.84177  3.65819      1 - S
          2.68618  4.42225  2.77519  2.73123  3.46354  2.40513  3.72494  3.29354  2.67741  2.69355  4.24690  2.90347  2.73739  3.18146  2.89801  2.37887  2.77519  2.98518  4.58477  3.61503
          0.00938  5.06986  5.79221  0.61958  0.77255  0.48576  0.95510
      2   2.63624  5.41348  2.65799  1.84101  3.70134  2.91985  3.64146  4.24287  2.12710  3.71834  4.45440  2.61373  3.25872  2.74636  2.94407  2.74244  2.52897  3.39687  5.84674  4.43635      2 - -
          2.68618  4.42225  2.77519  2.73123  3.46354  2.40513  3.72494  3.29354  2.67741  2.69355  4.24690  2.90347  2.73739  3.18146  2.89801  2.37887  2.77519  2.98518  4.58477  3.61503
          0.00938  5.06986  5.79221  0.61958  0.77255  0.48576  0.95510
      3   1.69976  5.34466  2.87909  2.40392  4.27701  2.43173  3.23989  3.80149  2.57902  3.33597  4.39309  2.97007  3.65087  2.71671  3.01110  2.57584  3.09349  3.20663  5.79520  3.84822      3 - -
          2.68620  4.42227  2.77500  2.73125  3.46356  2.40515  3.72497  3.29356  2.67743  2.69357  4.24692  2.90349  2.73742  3.18149  2.89803  2.37889  2.77505  2.98521  4.58479  3.61505
          0.08054  2.79833  4.10593  0.28926  1.38159  0.48576  0.95510
      4   2.92582  4.50617  3.71021  2.72367  3.62257  3.97045  3.46002  2.23072  3.22266  2.16729  2.87635  3.63417  3.17483  3.69457  3.46706  3.11170  2.83450  1.75413  4.02973  3.45101      5 - E
          2.68618  4.42225  2.77519  2.73123  3.46354  2.40513  3.72494  3.29354  2.67741  2.69355  4.24690  2.90347  2.73739  3.18146  2.89801  2.37887  2.77519  2.98518  4.58477  3.61503
          0.07164  5.05635  2.76836  0.61958  0.77255  0.52555  0.89460
      5   2.79746  3.60929  4.21062  3.03833  3.23077  3.97481  4.26623  2.43323  3.06763  2.37427  3.41790  3.36042  4.34653  3.77594  3.52037  3.25109  1.79654  1.69482  5.02739  3.82804      6 - E
          2.68618  4.42225  2.77519  2.73123  3.46354  2.40513  3.72494  3.29354  2.67741  2.69355  4.24690  2.90347  2.73739  3.18146  2.89801  2.37887  2.77519  2.98518  4.58477  3.61503
          0.01011  4.99482  5.71717  0.61958  0.77255  0.47263  0.97647
      6   2.94954  3.70294  4.92046  4.30518  2.59621  4.12141  4.45406  2.08672  4.08904  1.86662  2.99248  4.28598  4.48270  4.21681  4.09417  3.43354  3.18155  1.48788  3.02937  3.00261      7 - E
          2.68618  4.42225  2.77519  2.73123  3.46354  2.40513  3.72494  3.29354  2.67741  2.69355  4.24690  2.90347  2.73739  3.18146  2.89801  2.37887  2.77519  2.98518  4.58477  3.61503
          0.00962  5.04502  5.76736  0.61958  0.77255  0.50415  0.92639
      7   4.41931  6.02046  5.94427  5.91932  1.24979  5.58092  3.73082  4.72524  5.68377  3.86322  5.23624  5.09163  5.82559  5.28088  5.44388  4.98909  5.32605  4.66828  2.86985  0.63291      8 - E
          2.68618  4.42225  2.77519  2.73123  3.46354  2.40513  3.72494  3.29354  2.67741  2.69355  4.24690  2.90347  2.73739  3.18146  2.89801  2.37887  2.77519  2.98518  4.58477  3.61503
          0.00951  5.05635  5.77869  0.61958  0.77255  0.52555  0.89460
      8   2.88098  3.24044  4.64099  4.08325  3.71181  4.03005  4.57236  2.49575  3.95144  2.76822  3.70922  4.19400  4.49434  4.15786  4.10208  2.69905  1.06053  1.95093  5.23913  4.05274      9 - E
          2.68618  4.42225  2.77519  2.73123  3.46354  2.40513  3.72494  3.29354  2.67741  2.69355  4.24690  2.90347  2.73739  3.18146  2.89801  2.37887  2.77519  2.98518  4.58477  3.61503
          0.00951  5.05635  5.77869  0.61958  0.77255  0.46166  0.99489
      9   4.75773  6.63638  0.11865  3.82924  6.29271  4.59400  5.55374  6.25388  4.89842  5.63775  6.75065  4.40560  5.30344  4.87289  5.45076  4.67324  5.14229  5.79801  7.12608  6.13881     10 - E
          2.68618  4.42225  2.77519  2.73123  3.46354  2.40513  3.72494  3.29354  2.67741  2.69355  4.24690  2.90347  2.73739  3.18146  2.89801  2.37887  2.77519  2.98518  4.58477  3.61503
          0.00938  5.06986  5.79221  0.61958  0.77255  0.48576  0.95510
     10   2.49389  5.06200  4.69171  4.70592  5.75933  0.27701  5.71209  5.28091  4.96766  4.97794  5.78308  4.52220  4.66028  5.11257  5.08578  3.36063  3.73650  4.43518  7.00328  5.99114     11 - -
          2.68618  4.42225  2.77519  2.73123  3.46354  2.40513  3.72494  3.29354  2.67741  2.69355  4.24690  2.90347  2.73739  3.18146  2.89801  2.37887  2.77519  2.98518  4.58477  3.61503
          0.00938  5.06986  5.79221  0.61958  0.77255  0.48576  0.95510
     11   1.42244  3.53013  4.97887  4.70194  5.38185  2.45525  5.45426  4.84584  4.62736  4.53394  5.30555  4.36854  4.45205  4.81176  4.78871  0.71114  3.44108  4.08110  6.73172  5.63482     12 - -
          2.68618  4.42225  2.77519  2.73123  3.46354  2.40513  3.72494  3.29354  2.67741  2.69355  4.24690  2.90347  2.73739  3.18146  2.89801  2.37887  2.77519  2.98518  4.58477  3.61503
          0.26534  5.06986  1.48383  0.61958  0.77255  0.48576  0.95510
     12   2.09197  1.83809  4.12143  3.55689  3.56455  3.82728  4.24228  2.89922  3.46579  2.47913  3.56472  3.81287  4.25889  3.71949  3.71153  1.87285  3.07280  2.49633  5.05597  3.31997     13 - -
          2.68618  4.42225  2.77519  2.73123  3.46354  2.40513  3.72494  3.29354  2.67741  2.69355  4.24690  2.90347  2.73739  3.18146  2.89801  2.37887  2.77519  2.98518  4.58477  3.61503
          0.01210  4.81662  5.53897  0.61958  0.77255  0.79734  0.59880
     13   2.74261  4.60630  3.64054  2.90303  3.05316  3.79635  4.04241  2.48211  2.96369  2.09009  3.70678  2.56036  4.17715  3.16683  2.40947  2.37765  2.91020  2.88430  4.02340  3.56728     14 - B
          2.68618  4.42225  2.77519  2.73123  3.46354  2.40513  3.72494  3.29354  2.67741  2.69355  4.24690  2.90347  2.73739  3.18146  2.89801  2.37887  2.77519  2.98518  4.58477  3.61503
          0.15769  4.87458  1.97871  0.61958  0.77255  0.43078  1.04983
     14   2.83662  5.19296  3.15245  2.59539  4.47978  2.19554  3.82972  3.48421  1.91437  2.98594  3.92934  2.50599  3.80301  2.94933  2.40554  2.70112  2.91383  3.42463  5.66190  3.82036     15 - T
          2.68618  4.42225  2.77519  2.73123  3.46354  2.40513  3.72494  3.29354  2.67741  2.69355  4.24690  2.90347  2.73739  3.18146  2.89801  2.37887  2.77519  2.98518  4.58477  3.61503
          0.01119  4.89401  5.61635  0.61958  0.77255  0.88294  0.53369
     15   2.83363  5.31237  2.90749  2.48797  4.64428  3.27842  3.30429  3.47011  2.38758  3.61197  4.35653  1.72787  4.00543  2.52755  2.66026  2.48541  2.74547  3.46777  5.75294  3.72012     16 - -
          2.68636  4.42243  2.77528  2.73130  3.46372  2.40471  3.72513  3.29372  2.67749  2.69365  4.24708  2.90365  2.73716  3.18165  2.89755  2.37867  2.77538  2.98524  4.58495  3.61521
          0.28297  1.41542  5.61635  0.72975  0.65783  0.88294  0.53369
     16   2.74650  5.25297  3.12040  2.24747  4.12833  2.91284  3.81460  4.02259  2.56544  3.54274  4.30376  2.47911  2.32211  2.80169  2.92227  2.13853  2.49899  3.62399  4.21819  4.32076     20 - -
          2.68618  4.42225  2.77519  2.73123  3.46354  2.40513  3.72494  3.29354  2.67741  2.69355  4.24690  2.90347  2.73739  3.18146  2.89801  2.37887  2.77519  2.98518  4.58477  3.61503
          0.01119  4.89401  5.61635  0.61958  0.77255  0.78232  0.61128
     17   2.84755  4.63871  2.74930  2.54779  4.67253  1.99927  3.81090  4.15170  1.81227  3.63702  4.37920  2.87987  3.53245  2.85999  2.34550  2.56915  3.07862  3.72204  5.77316  4.07711     21 - -
          2.68618  4.42225  2.77519  2.73123  3.46354  2.40513  3.72494  3.29354  2.67741  2.69355  4.24690  2.90347  2.73739  3.18146  2.89801  2.37887  2.77519  2.98518  4.58477  3.61503
          0.01091  4.91936  5.64171  0.61958  0.77255  0.56511  0.84001
     18   2.62679  4.39432  3.14543  1.94762  4.36473  3.65592  3.43293  3.86140  2.28296  3.53205  4.17852  3.13327  2.54623  2.87109  2.60664  2.36457  2.25848  3.70179  5.77146  4.37556     22 - -
          2.68618  4.42225  2.77519  2.73123  3.46354  2.40513  3.72494  3.29354  2.67741  2.69355  4.24690  2.90347  2.73739  3.18146  2.89801  2.37887  2.77519  2.98518  4.58477  3.61503
          0.01015  4.99099  5.71334  0.61958  0.77255  0.37542  1.16156
     19   2.47370  5.27777  2.98180  2.66308  4.57048  1.60176  3.40383  3.62568  2.66149  3.56147  4.33526  3.19998  4.09904  2.92256  2.32142  2.44769  2.87279  3.24596  5.74624  4.37105     23 - S
          2.68616  4.42237  2.77532  2.73135  3.46366  2.40525  3.72476  3.29366  2.67742  2.69356  4.24702  2.90345  2.73690  3.18158  2.89748  2.37891  2.77532  2.98530  4.58489  3.61515
          0.16767  1.88839  5.79221  0.63603  0.75373  0.48576  0.95510
     20   2.54401  4.53503  3.22167  2.66493  4.55770  2.19337  3.64357  3.24908  2.13797  3.42108  3.65436  2.85419  4.09908  2.88068  2.02699  2.58281  2.92157  3.49279  5.73802  4.36458     27 - B
          2.68618  4.42225  2.77519  2.73123  3.46354  2.40513  3.72494  3.29354  2.67741  2.69355  4.24690  2.90347  2.73739  3.18146  2.89801  2.37887  2.77519  2.98518  4.58477  3.61503
          0.00938  5.06986  5.79221  0.61958  0.77255  0.48576  0.95510
     21   1.17464  4.42596  4.36308  3.77784  3.23600  3.09254  4.33318  2.37477  3.42736  2.56681  3.54069  4.00010  4.40432  3.88973  3.85610  3.05865  3.17067  2.68054  3.22070  3.10417     28 - -
          2.68618  4.42225  2.77519  2.73123  3.46354  2.40513  3.72494  3.29354  2.67741  2.69355  4.24690  2.90347  2.73739  3.18146  2.89801  2.37887  2.77519  2.98518  4.58477  3.61503
          0.00938  5.06986  5.79221  0.61958  0.77255  0.48576  0.95510
     22   1.20067  4.82359  4.87505  4.70055  5.37305  0.75242  5.49580  4.72725  4.69882  4.50572  5.31491  4.38623  4.48193  4.87471  4.83758  3.13062  3.47817  3.17545  6.74764  5.64696     29 - E
          2.68618  4.42225  2.77519  2.73123  3.46354  2.40513  3.72494  3.29354  2.67741  2.69355  4.24690  2.90347  2.73739  3.18146  2.89801  2.37887  2.77519  2.98518  4.58477  3.61503
          0.00938  5.06986  5.79221  0.61958  0.77255  0.48576  0.95510
     23   2.04492  4.03110  4.88269  4.26998  2.41077  4.11795  4.45027  2.18298  4.06240  2.23949  2.74273  4.26978  4.48116  4.19942  4.08207  3.42816  2.93045  2.25263  4.95239  1.84778     30 - E
          2.68594  4.42238  2.77533  2.73136  3.46367  2.40421  3.72508  3.29367  2.67754  2.69361  4.24703  2.90360  2.73747  3.18160  2.89814  2.37900  2.77533  2.98522  4.58490  3.61516
          0.37236  1.17816  5.79221  0.08560  2.50059  0.48576  0.95510
     24   2.94324  3.66294  4.88269  4.26909  2.97357  2.54332  4.44247  1.88888  4.05938  2.03012  3.44045  4.26454  4.47398  4.19522  4.07619  3.24415  2.73834  1.58209  3.51713  3.49639     32 - E
          2.68618  4.42225  2.77519  2.73123  3.46354  2.40513  3.72494  3.29354  2.67741  2.69355  4.24690  2.90347  2.73739  3.18146  2.89801  2.37887  2.77519  2.98518  4.58477  3.61503
          0.00938  5.06986  5.79221  0.61958  0.77255  0.48576  0.95510
     25   2.27989  4.32407  4.86096  4.24871  2.49163  3.84935  4.43793  2.27475  4.04352  1.97818  3.19617  4.25428  4.47088  4.18324  3.84872  3.13917  2.26826  1.79821  4.27056  2.84096     33 - E
          2.68611  4.42234  2.77529  2.73132  3.46363  2.40498  3.72504  3.29363  2.67737  2.69364  4.24699  2.90356  2.73749  3.18141  2.89735  2.37896  2.77522  2.98527  4.58486  3.61512
          0.24583  1.53761  5.79221  0.11641  2.20826  0.48576  0.95510
     26   2.90729  5.33731  2.43468  2.35060  3.66449  3.69364  3.03439  4.11379  2.63362  3.62864  4.38665  2.76195  3.00519  2.63868  3.12041  2.40787  3.13851  3.71044  2.92147  2.38702     35 - B
          2.68618  4.42225  2.77519  2.73123  3.46354  2.40513  3.72494  3.29354  2.67741  2.69355  4.24690  2.90347  2.73739  3.18146  2.89801  2.37887  2.77519  2.98518  4.58477  3.61503
          0.18398  5.06986  1.82163  0.61958  0.77255  0.48576  0.95510
     27   2.46509  5.32283  2.83237  2.43315  3.43401  2.62834  3.58811  4.13815  2.23838  3.62416  4.36594  2.63703  3.73649  2.80067  2.27400  2.44205  2.57349  3.47016  5.76108  4.35577     36 - T
          2.68618  4.42225  2.77519  2.73123  3.46354  2.40513  3.72494  3.29354  2.67741  2.69355  4.24690  2.90347  2.73739  3.18146  2.89801  2.37887  2.77519  2.98518  4.58477  3.61503
          0.01116  4.89704  5.61939  0.61958  0.77255  0.36554  1.18359
     28   2.47761  5.39534  2.24248  2.16549  4.13912  1.94384  3.85989  4.21753  2.39370  3.54973  4.43748  2.89262  3.69882  2.65828  3.08915  2.77306  2.79011  3.53093  5.83116  4.42318     37 - T
          2.68583  4.42212  2.77486  2.73105  3.46278  2.40474  3.72544  3.29330  2.67772  2.69360  4.24762  2.90386  2.73695  3.18129  2.89864  2.37918  2.77546  2.98542  4.58483  3.61499
          0.50925  0.92651  5.76935  1.46804  0.26185  0.44654  1.02121
     29   2.78287  5.25929  2.99619  2.54861  3.63307  3.70944  2.34267  3.34980  1.99750  3.10558  4.31648  3.20574  3.40629  3.02467  2.03567  2.90461  3.01193  2.88234  5.73003  4.35920     53 - B
          2.68635  4.42258  2.77540  2.73029  3.46387  2.40546  3.72528  3.29387  2.67724  2.69269  4.24723  2.90342  2.73756  3.18119  2.89799  2.37912  2.77517  2.98530  4.58510  3.61536
          0.50546  0.93211  5.79221  0.66051  0.72688  0.48576  0.95510
     30   2.73451  5.34595  2.64056  2.32023  4.66237  3.69148  3.88177  3.10643  2.43466  3.41137  4.39424  2.12651  3.77699  2.26880  3.11619  2.76189  2.40738  3.01928  3.92303  4.11899     56 - -
          2.68618  4.42225  2.77519  2.73123  3.46354  2.40513  3.72494  3.29354  2.67741  2.69355  4.24690  2.90347  2.73739  3.18146  2.89801  2.37887  2.77519  2.98518  4.58477  3.61503
          0.00938  5.06986  5.79221  0.61958  0.77255  0.48576  0.95510
     31   2.81980  4.12702  3.68477  3.11741  2.16112  3.21335  4.20488  2.33640  2.52941  2.59684  3.68674  3.72991  4.31687  3.58845  2.32947  2.94816  3.01643  2.62380  2.93629  3.94941     57 - -
          2.68618  4.42225  2.77519  2.73123  3.46354  2.40513  3.72494  3.29354  2.67741  2.69355  4.24690  2.90347  2.73739  3.18146  2.89801  2.37887  2.77519  2.98518  4.58477  3.61503
          0.00938  5.06986  5.79221  0.61958  0.77255  0.48576  0.95510
     32   2.31372  4.99747  3.39589  2.76570  3.98709  3.48032  3.98729  2.59607  2.09427  3.11813  4.07754  3.33973  4.16261  2.92477  2.95408  1.80683  3.05485  2.82218  5.52261  3.23145     58 - E
          2.68620  4.42227  2.77521  2.73125  3.46356  2.40500  3.72496  3.29335  2.67743  2.69357  4.24692  2.90349  2.73741  3.18148  2.89803  2.37889  2.77521  2.98520  4.58479  3.61505
          0.05839  2.92498  5.79221  0.31109  1.31918  0.48576  0.95510
     33   2.52312  4.95440  3.43127  2.49931  2.69948  3.22793  4.00385  2.49636  2.21710  2.80073  3.60154  3.08829  4.17458  2.70427  3.12697  2.46615  2.88722  2.88419  5.48745  3.84634     60 - E
          2.68618  4.42225  2.77519  2.73123  3.46354  2.40513  3.72494  3.29354  2.67741  2.69355  4.24690  2.90347  2.73739  3.18146  2.89801  2.37887  2.77519  2.98518  4.58477  3.61503
          0.00938  5.06986  5.79221  0.61958  0.77255  0.48576  0.95510
     34   2.42128  5.37578  3.11476  2.30262  4.32969  3.08809  3.44740  4.17847  2.54624  3.36099  4.42086  3.08798  2.12660  2.58005  2.59556  2.26225  2.94393  3.25411  5.81860  4.04008     61 - -
          2.68618  4.42225  2.77519  2.73123  3.46354  2.40513  3.72494  3.29354  2.67741  2.69355  4.24690  2.90347  2.73739  3.18146  2.89801  2.37887  2.77519  2.98518  4.58477  3.61503
          0.04829  5.06986  3.19758  0.61958  0.77255  0.48576  0.95510
     35   2.91666  4.43315  4.24531  3.12689  3.27686  3.21952  4.28828  2.27581  3.36723  1.29875  3.54624  3.61635  4.05584  3.26949  3.78707  3.27310  3.14863  2.50107  5.03995  2.64075     62 - -
          2.68618  4.42225  2.77519  2.73123  3.46354  2.40513  3.72494  3.29354  2.67741  2.69355  4.24690  2.90347  2.73739  3.18146  2.89801  2.37887  2.77519  2.98518  4.58477  3.61503
          0.05227  5.03132  3.11467  0.61958  0.77255  0.42357  1.06335
     36   2.59024  4.51879  3.18000  2.17181  4.09464  2.43027  3.87148  4.06447  2.55636  3.03701  4.35139  2.78885  2.13969  2.84071  2.73408  2.81138  2.61074  3.66924  5.75722  4.37157     63 - -
          2.68554  4.42263  2.77539  2.73041  3.46358  2.40470  3.72364  3.29392  2.67778  2.69354  4.24727  2.90384  2.73714  3.18184  2.89838  2.37893  2.77557  2.98556  4.58515  3.61541
          0.69673  0.87345  2.47362  0.76190  0.62882  0.59903  0.79705
     37   2.65427  4.57496  2.86546  2.39079  3.92398  2.77418  3.20740  3.55727  2.51501  3.43097  3.99444  2.54124  2.60878  2.70476  2.63363  2.74367  2.85182  3.23500  5.73219  3.43322     69 - S
          2.68618  4.42225  2.77519  2.73123  3.46354  2.40513  3.72494  3.29354  2.67741  2.69355  4.24690  2.90347  2.73739  3.18146  2.89801  2.37887  2.77519  2.98518  4.58477  3.61503
          0.01063  4.94481  5.66716  0.61958  0.77255  0.33390  1.25923
     38   2.53824  3.69306  3.19809  2.49547  4.62112  3.21445  2.85441  4.07972  2.50675  3.45444  4.36762  2.87870  4.08988  2.07254  3.12673  2.31246  2.11990  3.09679  5.77364  4.38832     70 - -
          2.68618  4.42225  2.77519  2.73123  3.46354  2.40513  3.72494  3.29354  2.67741  2.69355  4.24690  2.90347  2.73739  3.18146  2.89801  2.37887  2.77519  2.98518  4.58477  3.61503
          0.00938  5.06986  5.79221  0.61958  0.77255  0.48576  0.95510
     39   2.92188  3.73939  3.04832  3.50658  4.81131  3.68194  4.61994  4.22587  3.53365  3.88173  4.69685  3.80958  4.33998  3.83649  3.92528  1.43639  0.96569  3.75438  6.12974  4.87310     71 - H
          2.68618  4.42225  2.77519  2.73123  3.46354  2.40513  3.72494  3.29354  2.67741  2.69355  4.24690  2.90347  2.73739  3.18146  2.89801  2.37887  2.77519  2.98518  4.58477  3.61503
          0.00938  5.06986  5.79221  0.61958  0.77255  0.48576  0.95510
     40   1.80988  5.00981  3.41440  2.86856  4.26159  3.76812  3.50286  3.41740  2.86020  3.29853  4.13204  1.45793  3.66493  3.20359  3.30561  2.79695  3.16807  2.61603  5.57428  4.26547     72 - H
          2.68618  4.42225  2.77519  2.73123  3.46354  2.40513  3.72494  3.29354  2.67741  2.69355  4.24690  2.90347  2.73739  3.18146  2.89801  2.37887  2.77519  2.98518  4.58477  3.61503
          0.00938  5.06986  5.79221  0.61958  0.77255  0.48576  0.95510
     41   2.94407  5.16042  3.32676  2.77129  3.76600  3.76462  3.95361  3.82577  2.74286  3.17085  4.22993  1.94085  4.15492  1.33312  3.06471  2.97136  3.17446  3.27255  5.60327  3.48446     73 - H
          2.68618  4.42225  2.77519  2.73123  3.46354  2.40513  3.72494  3.29354  2.67741  2.69355  4.24690  2.90347  2.73739  3.18146  2.89801  2.37887  2.77519  2.98518  4.58477  3.61503
          0.00938  5.06986  5.79221  0.61958  0.77255  0.48576  0.95510
     42   2.92009  4.86582  3.51797  2.86187  3.41632  3.81839  4.04279  3.13566  2.53964  2.75558  3.42068  3.43340  4.20351  2.26040  1.70349  3.03929  2.81390  2.52156  5.41414  3.37063     74 - H
          2.68619  4.42226  2.77508  2.73124  3.46354  2.40513  3.72495  3.29355  2.67741  2.69355  4.24690  2.90347  2.73740  3.18147  2.89801  2.37887  2.77520  2.98519  4.58477  3.61504
          0.02632  3.77530  5.79221  0.45860  1.00014  0.48576  0.95510
     43   1.16017  4.60101  3.70892  3.35488  3.74733  3.31825  4.21742  3.10165  3.30006  2.56828  2.57215  3.45718  4.31575  3.58954  3.62666  2.97177  3.05424  2.45175  5.20785  3.98442     76 - H
          2.68618  4.42225  2.77519  2.73123  3.46354  2.40513  3.72494  3.29354  2.67741  2.69355  4.24690  2.90347  2.73739  3.18146  2.89801  2.37887  2.77519  2.98518  4.58477  3.61503
          0.00938  5.06986  5.79221  0.61958  0.77255  0.48576  0.95510
     44   4.67888  6.56525  3.78903  0.13251  6.19259  4.59274  5.46644  6.00805  4.58836  5.42749  6.50859  4.40205  5.27593  4.75982  5.02285  4.61268  5.03605  5.60305  7.04213  6.04282     77 - H
          2.68618  4.42225  2.77519  2.73123  3.46354  2.40513  3.72494  3.29354  2.67741  2.69355  4.24690  2.90347  2.73739  3.18146  2.89801  2.37887  2.77519  2.98518  4.58477  3.61503
          0.00938  5.06986  5.79221  0.61958  0.77255  0.48576  0.95510
     45   2.59423  3.31803  4.89078  4.27772  2.97522  4.12194  4.45452  1.85011  4.06911  1.20462  3.31322  4.27541  4.48465  4.20478  3.84080  3.43244  2.96491  2.48027  4.95445  3.16874     78 - H
          2.68618  4.42225  2.77519  2.73123  3.46354  2.40513  3.72494  3.29354  2.67741  2.69355  4.24690  2.90347  2.73739  3.18146  2.89801  2.37887  2.77519  2.98518  4.58477  3.61503
          0.00938  5.06986  5.79221  0.61958  0.77255  0.48576  0.95510
     46   2.43298  3.76617  3.69149  2.53430  3.28299  3.58056  3.48875  2.56864  2.86843  2.38604  3.09875  3.44671  4.25495  2.83601  2.80891  2.49307  2.87775  2.44030  5.29112  3.80187     79 - H
          2.68618  4.42225  2.77519  2.73123  3.46354  2.40513  3.72494  3.29354  2.67741  2.69355  4.24690  2.90347  2.73739  3.18146  2.89801  2.37887  2.77519  2.98518  4.58477  3.61503
          0.00938  5.06986  5.79221  0.61958  0.77255  0.48576  0.95510
     47   0.44303  4.79955  4.77734  4.47706  5.03178  2.33107  5.27524  3.84322  4.41882  4.11490  4.97795  4.31055  4.47011  4.64544  4.61212  3.14012  3.44443  3.26499  6.44944  5.30189     80 - H
          2.68618  4.42225  2.77519  2.73123  3.46354  2.40513  3.72494  3.29354  2.67741  2.69355  4.24690  2.90347  2.73739  3.18146  2.89801  2.37887  2.77519  2.98518  4.58477  3.61503
          0.00938  5.06986  5.79221  0.61958  0.77255  0.48576  0.95510
     48   2.36401  4.51932  5.09668  4.49829  3.01062  4.37750  4.73154  2.05508  4.30871  1.26907  3.54748  4.52434  4.23924  4.44465  4.34074  3.69734  3.39928  1.49396  5.20812  4.04012     81 - H
          2.68618  4.42225  2.77519  2.73123  3.46354  2.40513  3.72494  3.29354  2.67741  2.69355  4.24690  2.90347  2.73739  3.18146  2.89801  2.37887  2.77519  2.98518  4.58477  3.61503
          0.00938  5.06986  5.79221  0.61958  0.77255  0.48576  0.95510
     49   2.68169  3.83976  3.85858  2.49366  3.48160  3.92095  3.73069  1.72327  3.05154  2.07941  3.36434  3.54876  4.29926  3.21940  2.85573  2.79144  2.82723  2.88734  5.20290  3.69406     82 - H
          2.68618  4.42225  2.77519  2.73123  3.46354  2.40513  3.72494  3.29354  2.67741  2.69355  4.24690  2.90347  2.73739  3.18146  2.89801  2.37887  2.77519  2.98518  4.58477  3.61503
          0.00938  5.06986  5.79221  0.61958  0.77255  0.48576  0.95510
     50   2.39217  3.63615  3.44927  2.07529  3.10430  3.79393  2.65423  3.21395  2.53746  2.62792  2.94878  3.04190  4.18061  2.76360  3.30964  3.00881  2.73802  3.18244  5.47070  3.86584     83 - H
          2.68618  4.42225  2.77519  2.73123  3.46354  2.40513  3.72494  3.29354  2.67741  2.69355  4.24690  2.90347  2.73739  3.18146  2.89801  2.37887  2.77519  2.98518  4.58477  3.61503
          0.00938  5.06986  5.79221  0.61958  0.77255  0.48576  0.95510
     51   0.77417  4.77162  4.77466  4.45808  4.93282  1.78342  5.22912  4.25483  4.41215  4.03892  4.88639  4.29582  4.45572  4.61882  4.60214  2.87990  3.42134  1.98682  6.35063  5.20497     84 - H
          2.68618  4.42225  2.77519  2.73123  3.46354  2.40513  3.72494  3.29354  2.67741  2.69355  4.24690  2.90347  2.73739  3.18146  2.89801  2.37887  2.77519  2.98518  4.58477  3.61503
          0.00938  5.06986  5.79221  0.61958  0.77255  0.48576  0.95510
     52   3.19263  3.13281  5.14096  4.53586  3.13898  4.39599  4.73723  2.06634  4.33798  0.84618  3.28797  4.55137  4.72711  4.45202  4.35261  3.43825  3.42372  2.34029  5.18669  4.03254     85 - H
          2.68618  4.42225  2.77519  2.73123  3.46354  2.40513  3.72494  3.29354  2.67741  2.69355  4.24690  2.90347  2.73739  3.18146  2.89801  2.37887  2.77519  2.98518  4.58477  3.61503
          0.00938  5.06986  5.79221  0.61958  0.77255  0.48576  0.95510
     53   2.79782  5.41612  2.91537  2.00695  4.76121  3.68004  3.55999  4.24676  1.92494  3.32602  4.22080  2.98565  4.07346  2.16021  2.11346  2.50697  3.04183  3.67344  5.84852  4.43817     86 - C
          2.68617  4.42241  2.77526  2.73139  3.46370  2.40529  3.72511  3.29370  2.67727  2.69336  4.24630  2.90336  2.73756  3.18152  2.89786  2.37893  2.77527  2.98456  4.58493  3.61519
          0.47807  0.97560  5.79221  0.07152  2.67328  0.48576  0.95510
     54   1.55261  3.89915  2.57432  2.36324  4.55171  3.70787  3.68136  3.67634  2.38491  2.67913  4.32190  3.20292  4.09978  2.84092  3.14589  2.67235  2.69145  3.62400  5.73476  4.36228     88 - C
          2.68618  4.42225  2.77519  2.73123  3.46354  2.40513  3.72494  3.29354  2.67741  2.69355  4.24690  2.90347  2.73739  3.18146  2.89801  2.37887  2.77519  2.98518  4.58477  3.61503
          0.44337  5.06986  1.04457  0.61958  0.77255  0.48576  0.95510
     55   2.21722  4.21968  3.76029  3.67956  2.91530  3.86794  4.17459  2.55994  3.55198  1.33821  3.32385  3.86824  4.23580  3.76346  3.71640  3.15721  2.64094  2.36683  4.11102  3.64184     89 - T
          2.68639  4.42247  2.77475  2.73128  3.46375  2.40527  3.72516  3.29376  2.67628  2.69376  4.24711  2.90322  2.73750  3.18156  2.89815  2.37908  2.77519  2.98540  4.58498  3.61485
          0.88581  0.53968  5.36328  0.30693  1.33068  0.25238  1.50035
     56   2.30194  5.08694  3.31089  2.35498  3.60175  3.22360  3.94077  2.74650  2.40693  2.74455  4.15886  3.27063  3.11341  3.09420  2.56304  2.10114  2.96670  3.09504  5.59258  4.26085     95 - C
          2.68618  4.42225  2.77519  2.73123  3.46354  2.40513  3.72494  3.29354  2.67741  2.69355  4.24690  2.90347  2.73739  3.18146  2.89801  2.37887  2.77519  2.98518  4.58477  3.61503
          0.00961  5.04525  5.76759  0.61958  0.77255  0.44382  1.02605
     57   2.90590  5.36889  2.66179  2.61775  4.69443  2.44462  2.54404  4.16684  2.58717  3.47346  4.05503  3.09028  2.64647  2.41641  2.81454  2.48261  2.82217  3.74900  3.39203  3.98609     96 - H
          2.68578  4.42255  2.77550  2.73116  3.46384  2.40503  3.72525  3.29338  2.67735  2.69344  4.24720  2.90334  2.73727  3.18177  2.89779  2.37906  2.77514  2.98549  4.58507  3.61477
          0.22631  1.65743  4.43116  1.23928  0.34192  0.48576  0.95510
     58   2.72279  3.71555  3.10123  2.07547  4.73930  2.73334  3.86489  4.22149  2.22028  3.70252  4.44161  3.14681  2.70483  2.24530  2.68254  2.32198  2.79368  3.62024  5.83537  4.42771    105 - T
          2.68618  4.42225  2.77519  2.73123  3.46354  2.40513  3.72494  3.29354  2.67741  2.69355  4.24690  2.90347  2.73739  3.18146  2.89801  2.37887  2.77519  2.98518  4.58477  3.61503
          0.00946  5.06097  5.78332  0.61958  0.77255  0.46960  0.98151
     59   2.56485  3.14731  2.94429  2.33473  4.73402  3.68209  3.86996  3.97891  1.97021  3.59998  4.43967  2.81131  2.47368  2.73136  2.47609  2.58053  2.72841  3.63277  5.83438  4.23217    106 - C
          2.68618  4.42225  2.77519  2.73123  3.46354  2.40513  3.72494  3.29354  2.67741  2.69355  4.24690  2.90347  2.73739  3.18146  2.89801  2.37887  2.77519  2.98518  4.58477  3.61503
          0.00938  5.06986  5.79221  0.61958  0.77255  0.48576  0.95510
     60   2.66387  4.33328  4.90326  4.28981  2.67648  4.12695  4.46030  2.13273  4.07945  1.75904  2.99023  4.28334  4.48928  4.21347  3.76307  3.43797  3.03156  1.48391  4.95724  2.74154    107 - E
          2.68618  4.42225  2.77519  2.73123  3.46354  2.40513  3.72494  3.29354  2.67741  2.69355  4.24690  2.90347  2.73739  3.18146  2.89801  2.37887  2.77519  2.98518  4.58477  3.61503
          0.00938  5.06986  5.79221  0.61958  0.77255  0.48576  0.95510
     61   2.81185  4.20299  3.49633  2.89151  3.86854  3.45632  3.87244  3.01034  3.09172  2.42847  3.43720  1.51655  4.25500  3.40579  3.47359  2.80013  2.73900  2.33178  4.34858  4.04246    108 - C
          2.68633  4.41945  2.77535  2.73139  3.46369  2.40518  3.72510  3.29344  2.67736  2.69311  4.24705  2.90362  2.73755  3.18132  2.89816  2.37902  2.77535  2.98506  4.58492  3.61438
          0.16131  1.92466  5.79221  0.87515  0.53922  0.48576  0.95510
     62   3.85475  5.06688  5.93126  5.41367  3.20663  5.37148  5.89856  0.94091  5.31365  1.65240  3.80795  5.53660  5.55353  5.41168  5.37197  4.77198  4.09626  1.35633  6.12056  5.00218    114 - E
          2.68618  4.42225  2.77519  2.73123  3.46354  2.40513  3.72494  3.29354  2.67741  2.69355  4.24690  2.90347  2.73739  3.18146  2.89801  2.37887  2.77519  2.98518  4.58477  3.61503
          0.00938  5.06986  5.79221  0.61958  0.77255  0.48576  0.95510
     63   2.94172  3.28598  4.77557  4.16883  2.69400  4.09634  4.42272  2.34381  3.10075  2.44534  3.45557  4.21502  4.46134  4.13708  3.21005  3.07941  3.06833  1.78921  4.06995  1.76533    115 - E
          2.68618  4.42225  2.77519  2.73123  3.46354  2.40513  3.72494  3.29354  2.67741  2.69355  4.24690  2.90347  2.73739  3.18146  2.89801  2.37887  2.77519  2.98518  4.58477  3.61503
          0.00938  5.06986  5.79221  0.61958  0.77255  0.48576  0.95510
     64   2.96936  4.56478  4.12408  3.55441  3.50312  4.00188  4.32168  2.87702  3.47970  2.60119  3.43968  3.87550  4.39306  3.75132  3.76381  1.90488  1.21380  2.42298  5.19835  3.98703    116 - E
          2.68618  4.42225  2.77519  2.73123  3.46354  2.40513  3.72494  3.29354  2.67741  2.69355  4.24690  2.90347  2.73739  3.18146  2.89801  2.37887  2.77519  2.98518  4.58477  3.61503
          0.00938  5.06986  5.79221  0.61958  0.77255  0.48576  0.95510
     65   4.12355  6.72748  0.26934  2.76584  6.09410  4.06618  4.83292  5.79178  4.11848  5.22046  6.22098  3.56504  4.79562  4.05049  4.86847  3.93440  4.47624  5.29818  7.20764  5.68521    117 - S
          2.68618  4.42225  2.77519  2.73123  3.46354  2.40513  3.72494  3.29354  2.67741  2.69355  4.24690  2.90347  2.73739  3.18146  2.89801  2.37887  2.77519  2.98518  4.58477  3.61503
          0.00938  5.06986  5.79221  0.61958  0.77255  0.48576  0.95510
     66   2.94180  3.53605  4.97343  4.72199  5.10235  3.67850  5.41005  4.52277  4.57359  3.70745  5.16850  4.40869  4.50388  4.82034  4.71102  0.33069  3.49179  3.93128  6.53104  5.33773    118 - -
          2.68618  4.42225  2.77519  2.73123  3.46354  2.40513  3.72494  3.29354  2.67741  2.69355  4.24690  2.90347  2.73739  3.18146  2.89801  2.37887  2.77519  2.98518  4.58477  3.61503
          0.02456  5.06986  4.01874  0.61958  0.77255  0.48576  0.95510
     67   2.57485  4.58572  3.06160  2.46166  3.77961  3.68233  3.65834  4.14580  1.91187  2.79576  3.92019  2.80968  4.07523  2.03210  2.52994  2.71202  2.72219  3.73191  5.80039  4.12410    119 - C
          2.68618  4.42225  2.77519  2.73123  3.46354  2.40513  3.72494  3.29354  2.67741  2.69355  4.24690  2.90347  2.73739  3.18146  2.89801  2.37887  2.77519  2.98518  4.58477  3.61503
          0.02213  5.05482  4.16635  0.61958  0.77255  0.52990  0.88834
     68   2.76906  4.45277  4.40024  3.82099  2.83499  4.06059  4.32061  2.79878  3.70347  2.54824  3.57020  3.48309  4.43225  3.92402  3.88968  2.70655  3.20430  2.45295  4.97066  1.11728    120 - C
          2.68618  4.42225  2.77519  2.73123  3.46354  2.40513  3.72494  3.29354  2.67741  2.69355  4.24690  2.90347  2.73739  3.18146  2.89801  2.37887  2.77519  2.98518  4.58477  3.61503
          0.00964  5.04234  5.76468  0.61958  0.77255  0.43941  1.03400
     69   2.12092  3.72888  4.83725  4.23391  3.48234  4.15343  4.49092  2.53499  4.04796  2.06933  2.96475  4.27769  4.51673  4.20418  4.10134  3.24664  2.35380  1.26187  5.02007  3.84015    121 - H
          2.68583  4.42244  2.77526  2.73133  3.46304  2.40510  3.72418  3.29352  2.67760  2.69365  4.24709  2.90366  2.73749  3.18165  2.89820  2.37906  2.77498  2.98488  4.58496  3.61494
          0.11901  2.45567  3.63470  1.47645  0.25935  0.48576  0.95510
     70   2.12885  4.08225  4.69011  4.08776  3.09029  4.07449  3.49807  1.96860  3.39360  2.12886  3.05063  4.16771  4.44029  3.85071  3.18252  3.20843  2.74129  1.87380  4.44656  3.08531    128 - H
          2.68618  4.42225  2.77519  2.73123  3.46354  2.40513  3.72494  3.29354  2.67741  2.69355  4.24690  2.90347  2.73739  3.18146  2.89801  2.37887  2.77519  2.98518  4.58477  3.61503
          0.00960  5.04624  5.76859  0.61958  0.77255  0.50077  0.93156
     71   2.90006  5.40606  2.82407  2.10036  4.74920  2.43377  3.34763  4.23378  1.92263  3.71049  3.06747  2.45575  4.06788  2.58286  2.96978  2.69539  2.92550  3.79567  4.59135  4.43012    129 - H
          2.68618  4.42225  2.77519  2.73123  3.46354  2.40513  3.72494  3.29354  2.67741  2.69355  4.24690  2.90347  2.73739  3.18146  2.89801  2.37887  2.77519  2.98518  4.58477  3.61503
          0.38750  5.05756  1.15554  0.61958  0.77255  0.52207  0.89966
     72   2.34234  5.00664  3.12921  2.51049  3.99691  2.07561  3.26707  3.27679  2.56897  3.27295  4.07527  2.99970  3.97041  2.79959  2.92372  2.07670  2.85602  3.34768  5.50127  4.15519    130 - H
          2.68618  4.42225  2.77519  2.73123  3.46354  2.40513  3.72494  3.29354  2.67741  2.69355  4.24690  2.90347  2.73739  3.18146  2.89801  2.37887  2.77519  2.98518  4.58477  3.61503
          0.01383  4.68388  5.40623  0.61958  0.77255  0.21752  1.63225
     73   1.97257  3.66021  4.84740  4.23615  3.25551  3.68706  4.43631  1.60774  4.03405  2.09051  2.70270  3.87454  4.47001  3.84981  4.06318  3.41451  3.17498  2.06701  4.94782  3.00204    131 - H
          2.68618  4.42225  2.77519  2.73123  3.46354  2.40513  3.72494  3.29354  2.67741  2.69355  4.24690  2.90347  2.73739  3.18146  2.89801  2.37887  2.77519  2.98518  4.58477  3.61503
          0.00938  5.06986  5.79221  0.61958  0.77255  0.48576  0.95510
     74   2.92526  4.68161  3.52947  3.18214  3.82397  3.89023  4.13827  2.90768  3.03242  1.85610  3.78284  2.18856  3.64620  3.31968  3.38779  2.89051  1.98130  2.56887  4.30572  3.36595    132 - H
          2.68618  4.42225  2.77519  2.73123  3.46354  2.40513  3.72494  3.29354  2.67741  2.69355  4.24690  2.90347  2.73739  3.18146  2.89801  2.37887  2.77519  2.98518  4.58477  3.61503
          0.00938  5.06986  5.79221  0.61958  0.77255  0.48576  0.95510
     75   2.67441  5.40293  3.15952  2.12481  4.74255  3.47398  3.65909  4.22458  2.08041  2.80281  3.83498  2.34376  4.07465  2.39854  2.55827  2.30241  2.95846  3.52507  5.83882  4.43135    133 - S
          2.68618  4.42225  2.77520  2.73124  3.46354  2.40508  3.72495  3.29354  2.67741  2.69355  4.24690  2.90347  2.73740  3.18147  2.89801  2.37887  2.77520  2.98519  4.58477  3.61503
          0.48467  4.03825  1.00384  0.49977  0.93311  0.48576  0.95510
     76   2.73818  4.60795  2.91850  2.37127  3.76229  3.66015  3.89166  2.96530  2.82165  2.38715  3.70244  3.30913  4.04382  3.14715  3.05049  2.88863  2.79036  2.89631  2.46830  2.53087    135 - T
          2.68618  4.42225  2.77519  2.73123  3.46354  2.40513  3.72494  3.29354  2.67741  2.69355  4.24690  2.90347  2.73739  3.18146  2.89801  2.37887  2.77519  2.98518  4.58477  3.61503
          0.01477  4.61822  5.34057  0.61958  0.77255  1.22718  0.34689
     77   2.81507  4.29112  4.24603  3.00003  3.36415  3.92335  4.22483  2.14370  3.53389  1.38674  3.12220  3.88779  4.28391  3.76783  3.16040  3.21049  3.04676  2.01039  4.91483  3.72815    136 - T
          2.68618  4.42225  2.77519  2.73123  3.46354  2.40513  3.72494  3.29354  2.67741  2.69355  4.24690  2.90347  2.73739  3.18146  2.89801  2.37887  2.77519  2.98518  4.58477  3.61503
          0.04914  4.61822  3.26800  0.61958  0.77255  1.22718  0.34689
     78   2.24874  5.07279  2.87470  2.21495  4.13674  3.52493  2.28938  3.80092  2.48544  3.21731  4.13036  3.02171  3.01312  2.69567  2.96500  2.72101  2.81099  3.29131  5.54416  3.50350    137 - -
          2.68618  4.42225  2.77519  2.73123  3.46354  2.40513  3.72494  3.29354  2.67741  2.69355  4.24690  2.90347  2.73739  3.18146  2.89801  2.37887  2.77519  2.98518  4.58477  3.61503
          0.02747  4.58436  4.08100  0.61958  0.77255  1.20278  0.35719
     79   2.72628  4.61180  3.38612  2.82319  3.77721  2.62228  3.87472  3.03954  2.71505  2.67737  3.20941  2.94973  4.02761  3.12190  2.35553  2.87022  2.44084  2.44440  5.16975  3.06710    138 - -
          2.68667  4.42402  2.77563  2.73223  3.46216  2.40502  3.72470  3.29414  2.67603  2.69341  4.24867  2.90156  2.73917  3.18231  2.89673  2.37958  2.77548  2.98583  4.56925  3.61635
          1.07917  0.51802  2.74229  2.32765  0.10261  1.13909  0.38582
     80   2.73127  3.01421  3.02319  2.30550  4.43401  2.95207  3.70778  3.88886  2.10138  3.41501  4.18220  2.22550  3.60553  2.82053  2.39382  2.71577  2.96168  3.49829  5.58499  3.91371    172 - -
          2.68618  4.42225  2.77519  2.73123  3.46354  2.40513  3.72494  3.29354  2.67741  2.69355  4.24690  2.90347  2.73739  3.18146  2.89801  2.37887  2.77519  2.98518  4.58477  3.61503
          0.01550  4.57032  5.29266  0.61958  0.77255  0.22162  1.61557
     81   2.18350  5.39940  2.95206  2.54842  4.74050  2.26894  3.55391  4.22364  2.09411  3.70296  4.09704  2.87807  3.83075  2.69818  2.73665  2.35537  2.40695  3.78791  5.83443  4.42594    173 - -
          2.68618  4.42225  2.77519  2.73123  3.46354  2.40513  3.72494  3.29354  2.67741  2.69355  4.24690  2.90347  2.73739  3.18146  2.89801  2.37887  2.77519  2.98518  4.58477  3.61503
          0.00954  5.05307  5.77542  0.61958  0.77255  0.53488  0.88127
     82   2.74160  4.04949  3.40128  2.29935  3.53540  3.27913  3.80576  3.57349  2.40122  2.77843  3.24461  3.00358  3.66033  2.86699  2.58322  2.98315  3.13889  2.83107  2.41095  3.67956    174 - -
          2.68618  4.42225  2.77519  2.73123  3.46354  2.40513  3.72494  3.29354  2.67741  2.69355  4.24690  2.90347  2.73739  3.18146  2.89801  2.37887  2.77519  2.98518  4.58477  3.61503
          0.11716  5.05307  2.26175  0.61958  0.77255  0.45623  1.00421
     83   2.77660  5.30570  3.04471  2.53467  4.62361  2.62136  3.83693  3.40096  2.16919  3.59927  4.06441  2.77028  2.11332  2.81337  2.38353  2.74546  2.94965  3.31791  5.75493  4.01743    175 - .
          2.68618  4.42225  2.77519  2.73123  3.46354  2.40513  3.72494  3.29354  2.67741  2.69355  4.24690  2.90347  2.73739  3.18146  2.89801  2.37887  2.77519  2.98518  4.58477  3.61503
          0.01042  4.96519  5.68753  0.61958  0.77255  0.35078  1.21786
     84   2.91700  4.48772  2.54563  2.90505  2.71980  3.63577  4.01955  3.08020  2.50918  2.11509  4.00238  2.56076  4.18599  3.02641  3.11003  2.83241  2.21144  3.07631  4.65686  4.16594    176 - B
          2.68609  4.42232  2.77526  2.73110  3.46360  2.40514  3.72465  3.29349  2.67747  2.69339  4.24696  2.90353  2.73746  3.18147  2.89807  2.37893  2.77526  2.98510  4.58483  3.61510
          0.20397  1.84199  3.64914  0.14897  1.97758  0.48576  0.95510
     85   2.22236  5.35548  2.94021  2.44112  4.67966  3.67792  3.63915  3.40281  1.98297  3.36839  4.22018  3.09947  4.07087  2.74327  2.68100  2.28073  2.07001  3.73485  5.02199  4.40292    178 - -
          2.68621  4.42228  2.77522  2.73126  3.46357  2.40483  3.72497  3.29357  2.67744  2.69358  4.24693  2.90349  2.73742  3.18149  2.89804  2.37890  2.77522  2.98521  4.58480  3.61506
          0.12621  2.58626  3.14040  0.25769  1.48207  0.44596  1.02223
     86   2.30225  5.17906  2.96556  2.63329  3.30767  3.48385  2.82005  3.61104  2.55203  3.07882  2.88820  2.93457  3.27277  3.03589  2.96847  1.94476  2.85482  3.52507  5.66393  4.30838    180 - -
          2.68618  4.42225  2.77519  2.73123  3.46354  2.40513  3.72494  3.29354  2.67741  2.69355  4.24690  2.90347  2.73739  3.18146  2.89801  2.37887  2.77519  2.98518  4.58477  3.61503
          0.00976  5.02985  5.75220  0.61958  0.77255  0.42156  1.06718
     87   2.56639  5.35465  2.79116  1.92439  4.05440  3.57915  3.87967  3.29810  2.27416  3.03088  4.40201  2.69230  3.78573  2.73280  2.96252  2.34894  2.94887  2.81263  5.80273  3.61921    181 - -
          2.68618  4.42225  2.77519  2.73123  3.46354  2.40513  3.72494  3.29354  2.67741  2.69355  4.24690  2.90347  2.73739  3.18146  2.89801  2.37887  2.77519  2.98518  4.58477  3.61503
          0.00938  5.06986  5.79221  0.61958  0.77255  0.48576  0.95510
     88   2.82031  5.28027  2.87142  2.65899  3.09129  2.49759  3.48572  3.11699  2.53460  3.27583  4.33536  3.05728  2.96923  2.42414  3.14000  2.01727  2.65076  3.64196  5.74624  4.36992    182 - -
          2.68618  4.42225  2.77519  2.73123  3.46354  2.40513  3.72494  3.29354  2.67741  2.69355  4.24690  2.90347  2.73739  3.18146  2.89801  2.37887  2.77519  2.98518  4.58477  3.61503
          0.33130  5.06986  1.28834  0.61958  0.77255  0.48576  0.95510
     89   2.55686  5.21016  3.08643  2.52849  4.52757  3.58114  3.76871  3.98627  1.82263  3.50305  4.26555  2.67860  3.66187  2.87852  2.07870  2.32295  2.86006  2.85932  5.66422  4.28186    183 - -
          2.68603  4.42231  2.77525  2.73129  3.46360  2.40518  3.72500  3.29360  2.67746  2.69353  4.24695  2.90326  2.73745  3.18126  2.89806  2.37892  2.77518  2.98505  4.58483  3.61509
          0.51657  2.17706  1.23767  0.57283  0.82995  0.44369  1.02629
     90   2.79298  5.26609  2.85905  2.01162  4.59489  3.55526  3.75396  4.06974  2.40466  3.21806  4.31274  2.62796  1.87778  2.71729  2.80011  2.76041  2.78947  3.64830  5.70669  4.30485    186 - B
          2.68618  4.42225  2.77519  2.73123  3.46354  2.40513  3.72494  3.29354  2.67741  2.69355  4.24690  2.90347  2.73739  3.18146  2.89801  2.37887  2.77519  2.98518  4.58477  3.61503
          0.01336  4.71763  5.43998  0.61958  0.77255  0.28470  1.39530
     91   2.80639  4.31149  4.85757  3.89713  2.41003  4.09724  4.42898  1.75637  3.73169  1.81146  3.42911  4.24721  4.46099  4.17668  4.05987  3.12805  3.16355  1.79652  2.92791  3.75651    187 - -
          2.68618  4.42225  2.77519  2.73123  3.46354  2.40513  3.72494  3.29354  2.67741  2.69355  4.24690  2.90347  2.73739  3.18146  2.89801  2.37887  2.77519  2.98518  4.58477  3.61503
          0.00965  5.04121  5.76356  0.61958  0.77255  0.56771  0.83660
     92   2.33068  4.52231  4.01778  3.44382  2.91366  3.95107  4.22420  2.78006  1.51289  2.34476  3.63123  3.78255  4.32621  3.36795  3.33964  3.21270  3.15029  2.24904  3.72991  3.48389    188 - T
          2.68618  4.42225  2.77519  2.73123  3.46354  2.40513  3.72494  3.29354  2.67741  2.69355  4.24690  2.90347  2.73739  3.18146  2.89801  2.37887  2.77519  2.98518  4.58477  3.61503
          0.00965  5.04121  5.76356  0.61958  0.77255  0.56771  0.83660
     93   2.12062  4.24006  3.18046  2.47052  4.06548  3.68285  3.44550  4.08543  2.54194  3.09672  4.36515  1.90678  3.86467  2.39186  2.81675  2.29158  3.12560  3.49127  5.76964  4.38149    189 - T
          2.68629  4.42251  2.77537  2.73138  3.46304  2.40539  3.72489  3.29380  2.67647  2.69350  4.24716  2.90364  2.73758  3.18166  2.89778  2.37908  2.77521  2.98454  4.58503  3.61529
          0.51102  1.21429  2.27114  0.73323  0.65461  0.43773  1.03705
     94   2.86276  5.34746  2.23888  1.88277  3.81071  3.64047  3.82866  4.16018  2.29046  2.93052  4.39097  3.11215  4.03372  2.19575  2.79626  2.35125  3.09392  3.73231  4.70085  3.98655    196 - H
          2.68618  4.42225  2.77519  2.73123  3.46354  2.40513  3.72494  3.29354  2.67741  2.69355  4.24690  2.90347  2.73739  3.18146  2.89801  2.37887  2.77519  2.98518  4.58477  3.61503
          0.01039  4.96758  5.68992  0.61958  0.77255  0.35290  1.21284
     95   2.96714  3.86600  3.90340  4.26770  3.19905  4.13563  4.46857  1.45238  4.06615  1.44972  3.27548  4.27985  4.49756  4.20756  4.09450  3.44557  2.91022  2.21744  4.97598  3.14877    197 - H
          2.68618  4.42225  2.77519  2.73123  3.46354  2.40513  3.72494  3.29354  2.67741  2.69355  4.24690  2.90347  2.73739  3.18146  2.89801  2.37887  2.77519  2.98518  4.58477  3.61503
          0.00938  5.06986  5.79221  0.61958  0.77255  0.48576  0.95510
     96   2.10166  4.64390  3.56618  2.66795  3.37037  3.72983  3.74730  2.42618  3.19646  2.29942  3.59326  3.64664  4.02181  2.56390  3.36301  3.15261  2.95704  2.81505  2.54340  3.15682    198 - H
          2.68618  4.42225  2.77519  2.73123  3.46354  2.40513  3.72494  3.29354  2.67741  2.69355  4.24690  2.90347  2.73739  3.18146  2.89801  2.37887  2.77519  2.98518  4.58477  3.61503
          0.00938  5.06986  5.79221  0.61958  0.77255  0.48576  0.95510
     97   2.13842  5.39458  3.00796  1.75270  3.94768  3.68254  3.87051  4.05060  2.35878  3.37671  4.20545  2.82189  4.07580  2.08646  2.59287  2.81088  3.13658  3.60400  5.83264  3.93927    199 - H
          2.68618  4.42225  2.77519  2.73123  3.46354  2.40513  3.72494  3.29354  2.67741  2.69355  4.24690  2.90347  2.73739  3.18146  2.89801  2.37887  2.77519  2.98518  4.58477  3.61503
          0.00938  5.06986  5.79221  0.61958  0.77255  0.48576  0.95510
     98   2.37295  3.47330  3.47241  2.61956  3.85792  3.87736  3.88160  2.55327  2.95355  1.57209  3.57736  3.42971  4.25865  3.05541  2.95868  2.89917  2.94756  2.68635  5.28338  4.03658    200 - H
          2.68618  4.42225  2.77519  2.73123  3.46354  2.40513  3.72494  3.29354  2.67741  2.69355  4.24690  2.90347  2.73739  3.18146  2.89801  2.37887  2.77519  2.98518  4.58477  3.61503
          0.00938  5.06986  5.79221  0.61958  0.77255  0.48576  0.95510
     99   2.03863  4.39191  4.50504  3.91334  3.37699  4.05994  4.37010  2.26736  3.10799  1.40683  2.98318  3.17189  4.42801  3.98039  3.92393  3.05072  3.17338  2.22205  5.00704  3.81928    201 - H
          2.68557  4.42127  2.77533  2.73091  3.46353  2.40556  3.72499  3.29372  2.67725  2.69241  4.24739  2.90388  2.73773  3.18103  2.89832  2.37895  2.77560  2.98533  4.58526  3.61538
          0.48923  0.95750  5.79221  1.04523  0.43326  0.48576  0.95510
    100   2.21535  4.17236  3.05593  2.60881  3.24422  3.74549  3.15670  3.10996  2.61643  2.65766  3.36366  3.11055  3.20349  2.57010  2.70687  2.45776  2.91898  3.36187  5.60738  3.87438    205 - C
          2.68618  4.42225  2.77519  2.73123  3.46354  2.40513  3.72494  3.29354  2.67741  2.69355  4.24690  2.90347  2.73739  3.18146  2.89801  2.37887  2.77519  2.98518  4.58477  3.61503
          0.00938  5.06986  5.79221  0.61958  0.77255  0.48576  0.95510
    101   2.75294  4.55802  2.80373  2.36558  4.21278  3.51083  3.87355  4.18738  1.84100  2.58827  3.95216  2.79769  4.07808  2.72826  2.16697  2.41960  3.13680  3.42610  5.82253  4.42055    206 - T
          2.68625  4.42232  2.77526  2.73130  3.46361  2.40519  3.72501  3.29361  2.67747  2.69362  4.24696  2.90321  2.73746  3.18096  2.89759  2.37893  2.77526  2.98525  4.58484  3.61510
          0.26399  1.82442  2.64917  0.14692  1.99043  0.48576  0.95510
    102   2.24959  5.38207  3.04232  2.57391  4.72481  2.98812  3.66652  4.20831  1.81506  3.68589  4.42372  2.50927  3.08338  2.73962  2.16003  2.72242  2.89198  3.77154  5.81578  4.40736    208 - T
          2.68618  4.42225  2.77519  2.73123  3.46354  2.40513  3.72494  3.29354  2.67741  2.69355  4.24690  2.90347  2.73739  3.18146  2.89801  2.37887  2.77519  2.98518  4.58477  3.61503
          0.01006  4.99981  5.72215  0.61958  0.77255  0.61186  0.78163
    103   2.76648  5.24681  3.14882  2.29233  3.67415  3.11590  2.91044  3.19517  2.32411  3.15008  3.84875  3.07958  3.16230  2.58430  2.80768  2.47015  2.80759  2.58459  5.71484  4.34078    209 - S
          2.68618  4.42225  2.77519  2.73123  3.46354  2.40513  3.72494  3.29354  2.67741  2.69355  4.24690  2.90347  2.73739  3.18146  2.89801  2.37887  2.77519  2.98518  4.58477  3.61503
          0.05768  5.01322  3.00789  0.61958  0.77255  0.52730  0.89208
    104   2.11353  5.37814  2.49084  2.39679  4.33566  3.30003  3.31806  3.65830  2.14985  3.68255  4.41934  2.90075  3.60444  2.58923  2.53392  2.51650  2.58075  3.76768  5.81205  4.14270    210 - E
          2.68622  4.42229  2.77523  2.73127  3.46358  2.40511  3.72498  3.29358  2.67744  2.69359  4.24651  2.90350  2.73701  3.18150  2.89804  2.37890  2.77523  2.98522  4.58481  3.61507
          0.10961  2.29742  5.71482  0.22072  1.61918  0.37696  1.15819
    105   3.15822  4.03148  5.39761  4.82520  2.47906  4.69246  5.10676  1.42206  4.65450  1.84073  3.73960  4.85489  5.00591  4.80038  4.69221  4.03364  3.62082  1.19719  5.54476  4.36966    212 - E
          2.68618  4.42225  2.77519  2.73123  3.46354  2.40513  3.72494  3.29354  2.67741  2.69355  4.24690  2.90347  2.73739  3.18146  2.89801  2.37887  2.77519  2.98518  4.58477  3.61503
          0.02164  5.06986  4.19128  0.61958  0.77255  0.48576  0.95510
    106   2.52182  5.27428  3.21056  2.43319  3.12616  3.15548  3.27430  3.71814  2.44248  3.55645  4.07837  2.82845  4.09138  2.23139  2.71912  2.64306  2.73334  3.19917  5.74038  2.57517    213 - E
          2.68618  4.42225  2.77519  2.73123  3.46354  2.40513  3.72494  3.29354  2.67741  2.69355  4.24690  2.90347  2.73739  3.18146  2.89801  2.37887  2.77519  2.98518  4.58477  3.61503
          0.00949  5.05771  5.78006  0.61958  0.77255  0.52163  0.90030
    107   2.97100  4.41920  5.01270  4.40123  2.64583  4.23289  4.55564  1.59237  4.19077  1.55644  3.43954  4.39222  4.58182  4.30923  4.19706  3.54734  3.28476  1.92800  2.67978  3.54310    214 - E
          2.68618  4.42225  2.77519  2.73123  3.46354  2.40513  3.72494  3.29354  2.67741  2.69355  4.24690  2.90347  2.73739  3.18146  2.89801  2.37887  2.77519  2.98518  4.58477  3.61503
          0.00949  5.05771  5.78006  0.61958  0.77255  0.52163  0.90030
    108   2.70615  4.51840  3.01711  2.35348  3.99686  2.95556  3.27548  3.05130  2.13878  3.37968  3.25718  3.05913  4.08878  2.35327  2.74532  2.62800  2.70682  3.00961  5.75058  4.01680    215 - E
          2.68618  4.42225  2.77519  2.73123  3.46354  2.40513  3.72494  3.29354  2.67741  2.69355  4.24690  2.90347  2.73739  3.18146  2.89801  2.37887  2.77519  2.98518  4.58477  3.61503
          0.00949  5.05771  5.78006  0.61958  0.77255  0.52163  0.90030
    109   4.02698  5.46625  4.89392  4.43192  2.41014  4.84054  1.21427  4.04767  2.83167  3.50406  4.61567  4.49166  5.16907  4.44595  4.44856  4.14712  4.24437  3.88320  1.36030  2.30315    216 - E
          2.68618  4.42225  2.77519  2.73123  3.46354  2.40513  3.72494  3.29354  2.67741  2.69355  4.24690  2.90347  2.73739  3.18146  2.89801  2.37887  2.77519  2.98518  4.58477  3.61503
          0.00949  5.05771  5.78006  0.61958  0.77255  0.52163  0.90030
    110   3.38589  3.17898  5.26399  3.01914  3.96365  4.70481  5.14392  1.67828  4.56986  2.62328  3.86548  4.81374  5.02856  4.77357  4.67972  4.04518  3.63056  0.78827  5.66075  4.46223    217 - -
          2.68618  4.42225  2.77519  2.73123  3.46354  2.40513  3.72494  3.29354  2.67741  2.69355  4.24690  2.90347  2.73739  3.18146  2.89801  2.37887  2.77519  2.98518  4.58477  3.61503
          0.00949  5.05771  5.78006  0.61958  0.77255  0.52163  0.90030
    111   2.96037  5.35944  3.25790  2.50444  3.91364  3.74042  3.90864  4.12915  1.72672  3.48555  4.41125  3.22479  1.72680  2.90071  2.24367  2.94193  3.18671  3.73665  5.79780  3.76454    218 - -
          2.68618  4.42225  2.77519  2.73123  3.46354  2.40513  3.72494  3.29354  2.67741  2.69355  4.24690  2.90347  2.73739  3.18146  2.89801  2.37887  2.77519  2.98518  4.58477  3.61503
          0.00949  5.05771  5.78006  0.61958  0.77255  0.52163  0.90030
    112   1.31602  4.88604  4.29026  3.97858  5.22057  0.87093  5.02800  4.67695  3.98751  4.32421  5.11235  4.07461  4.41436  4.28437  3.37009  2.52108  3.43110  4.02291  6.52204  5.33222    219 - -
          2.68618  4.42225  2.77519  2.73123  3.46354  2.40513  3.72494  3.29354  2.67741  2.69355  4.24690  2.90347  2.73739  3.18146  2.89801  2.37887  2.77519  2.98518  4.58477  3.61503
          0.00949  5.05771  5.78006  0.61958  0.77255  0.52163  0.90030
    113   2.91770  5.13858  3.82579  3.34349  4.15671  4.05153  0.72709  3.35222  2.82676  3.16317  4.30575  3.74937  4.49331  3.53988  3.22559  3.39659  3.51718  3.47109  5.54957  4.20037    220 - -
          2.68623  4.42230  2.77524  2.73128  3.46359  2.40518  3.72499  3.29359  2.67746  2.69360  4.24695  2.90352  2.73744  3.18065  2.89806  2.37884  2.77512  2.98523  4.58482  3.61508
          0.17687  2.09947  3.22917  0.18299  1.78843  0.46397  0.99097
    114   1.96680  4.20586  2.90826  2.53379  4.66514  3.67332  3.86297  4.13489  1.91852  3.26730  4.11054  3.07751  3.73151  2.64619  3.01852  2.04197  2.53951  3.72148  5.79043  4.39410    222 - -
          2.68618  4.42225  2.77519  2.73123  3.46354  2.40513  3.72494  3.29354  2.67741  2.69355  4.24690  2.90347  2.73739  3.18146  2.89801  2.37887  2.77519  2.98518  4.58477  3.61503
          0.00973  5.03313  5.75548  0.61958  0.77255  0.58926  0.80909
    115   2.74305  5.30310  3.17739  2.58817  4.63534  1.25503  3.94718  4.08792  2.71890  3.36440  4.40355  2.67550  3.76635  2.70972  3.20072  2.53985  2.94969  3.69877  5.80960  4.43156    223 - -
          2.68618  4.42225  2.77519  2.73123  3.46354  2.40513  3.72494  3.29354  2.67741  2.69355  4.24690  2.90347  2.73739  3.18146  2.89801  2.37887  2.77519  2.98518  4.58477  3.61503
          0.00973  5.03313  5.75548  0.61958  0.77255  0.58926  0.80909
    116   2.83010  4.66568  2.51675  2.99943  3.38556  3.87222  3.25932  1.96560  3.03582  2.12928  3.50592  3.10819  4.25270  3.30974  3.16373  3.02601  3.13954  2.13864  5.24250  4.00118    224 - -
          2.68584  4.42198  2.77556  2.73142  3.46355  2.40528  3.72387  3.29344  2.67788  2.69339  4.24671  2.90403  2.73602  3.18183  2.89854  2.37870  2.77510  2.98525  4.58486  3.61566
          0.37318  1.17670  5.75548  1.52093  0.24655  0.58926  0.80909
    117   2.68384  4.71367  3.18031  2.29942  4.61058  2.81214  3.72761  3.41645  2.26930  3.33716  4.35516  3.16494  2.48828  2.44217  2.70765  2.66104  2.83705  3.43137  5.76066  2.82559    234 - .
          2.68618  4.42225  2.77519  2.73123  3.46354  2.40513  3.72494  3.29354  2.67741  2.69355  4.24690  2.90347  2.73739  3.18146  2.89801  2.37887  2.77519  2.98518  4.58477  3.61503
          0.00973  5.03313  5.75548  0.61958  0.77255  0.42609  1.05860
    118   2.84637  5.23152  3.06993  2.35311  4.12706  1.27151  3.92366  3.93926  2.69601  3.01781  4.29333  3.22794  4.11770  2.79223  2.84242  2.92631  3.15296  3.58198  5.71023  3.63631    235 - H
          2.68618  4.42225  2.77519  2.73123  3.46354  2.40513  3.72494  3.29354  2.67741  2.69355  4.24690  2.90347  2.73739  3.18146  2.89801  2.37887  2.77519  2.98518  4.58477  3.61503
          0.00938  5.06986  5.79221  0.61958  0.77255  0.48576  0.95510
    119   4.33346  6.11720  4.19889  4.23879  5.75072  4.52896  5.62684  5.88983  4.75814  5.36768  6.41592  0.13641  5.25584  5.02302  5.05184  4.42196  4.80160  5.35849  6.83374  5.70707    236 - H
          2.68618  4.42225  2.77519  2.73123  3.46354  2.40513  3.72494  3.29354  2.67741  2.69355  4.24690  2.90347  2.73739  3.18146  2.89801  2.37887  2.77519  2.98518  4.58477  3.61503
          0.00938  5.06986  5.79221  0.61958  0.77255  0.48576  0.95510
    120   2.40517  5.41140  2.64736  1.37223  4.75351  3.68071  3.49903  4.00941  2.60526  3.71539  4.45294  2.65071  4.07481  2.54359  2.87176  2.87069  2.74674  3.66766  5.84573  4.08453    237 - H
          2.68618  4.42225  2.77519  2.73123  3.46354  2.40513  3.72494  3.29354  2.67741  2.69355  4.24690  2.90347  2.73739  3.18146  2.89801  2.37887  2.77519  2.98518  4.58477  3.61503
          0.00938  5.06986  5.79221  0.61958  0.77255  0.48576  0.95510
    121   2.59595  4.93079  3.15103  2.29194  3.77048  3.79499  3.74655  3.31856  2.73636  2.00413  2.42881  3.38339  4.18161  2.82532  2.56583  3.01014  3.01285  2.88171  5.46805  3.29069    238 - H
          2.68618  4.42225  2.77519  2.73123  3.46354  2.40513  3.72494  3.29354  2.67741  2.69355  4.24690  2.90347  2.73739  3.18146  2.89801  2.37887  2.77519  2.98518  4.58477  3.61503
          0.00938  5.06986  5.79221  0.61958  0.77255  0.48576  0.95510
    122   0.91032  2.68213  4.89196  4.35682  3.87752  4.13545  4.81178  2.43430  4.21692  2.86186  3.84772  4.39843  4.63446  4.41209  4.34140  3.50206  2.96745  1.99499  5.44689  4.26266    239 - H
          2.68618  4.42225  2.77519  2.73123  3.46354  2.40513  3.72494  3.29354  2.67741  2.69355  4.24690  2.90347  2.73739  3.18146  2.89801  2.37887  2.77519  2.98518  4.58477  3.61503
          0.00938  5.06986  5.79221  0.61958  0.77255  0.48576  0.95510
    123   4.26384  6.50685  0.20558  3.31656  6.17933  3.63267  5.13085  5.96376  4.43267  5.38960  6.39856  3.89947  4.98266  4.38012  5.10395  4.15182  4.65422  5.43109  7.16537  5.89135    240 - H
          2.68618  4.42225  2.77519  2.73123  3.46354  2.40513  3.72494  3.29354  2.67741  2.69355  4.24690  2.90347  2.73739  3.18146  2.89801  2.37887  2.77519  2.98518  4.58477  3.61503
          0.00938  5.06986  5.79221  0.61958  0.77255  0.48576  0.95510
    124   2.76834  5.38405  3.16953  2.05012  3.86339  3.68602  3.76674  4.19172  1.97815  2.87482  4.14948  3.09873  3.79937  2.33091  1.97548  2.57237  3.13826  3.54048  5.82458  4.42265    241 - H
          2.68618  4.42225  2.77519  2.73123  3.46354  2.40513  3.72494  3.29354  2.67741  2.69355  4.24690  2.90347  2.73739  3.18146  2.89801  2.37887  2.77519  2.98518  4.58477  3.61503
          0.00938  5.06986  5.79221  0.61958  0.77255  0.48576  0.95510
    125   2.17011  4.55039  3.51999  3.16895  3.28837  3.95761  4.22876  2.87144  3.36094  1.13506  3.65800  3.77571  3.68729  3.20661  3.66279  3.21712  3.16408  2.68527  5.14535  3.74411    242 - H
          2.68618  4.42225  2.77519  2.73123  3.46354  2.40513  3.72494  3.29354  2.67741  2.69355  4.24690  2.90347  2.73739  3.18146  2.89801  2.37887  2.77519  2.98518  4.58477  3.61503
          0.02749  5.06986  3.87132  0.61958  0.77255  0.48576  0.95510
    126   0.76516  3.78407  4.72103  4.21183  4.03107  3.96896  4.80782  2.75108  4.09946  3.03218  3.99756  4.27578  4.54341  4.32155  4.28140  3.35341  2.46482  2.22036  5.57149  4.38566    243 - H
          2.68618  4.42225  2.77519  2.73123  3.46354  2.40513  3.72494  3.29354  2.67741  2.69355  4.24690  2.90347  2.73739  3.18146  2.89801  2.37887  2.77519  2.98518  4.58477  3.61503
          0.00955  5.05192  5.77427  0.61958  0.77255  0.53813  0.87668
    127   2.91534  5.33989  3.20044  2.64157  4.65623  3.33697  3.88432  4.11730  1.61814  3.45644  4.39016  3.04665  4.09147  2.70670  2.29169  2.36708  2.43218  2.57790  5.78829  4.40306    244 - H
          2.68618  4.42225  2.77519  2.73123  3.46354  2.40513  3.72494  3.29354  2.67741  2.69355  4.24690  2.90347  2.73739  3.18146  2.89801  2.37887  2.77519  2.98518  4.58477  3.61503
          0.00955  5.05192  5.77427  0.61958  0.77255  0.53813  0.87668
    128   2.50787  5.40122  2.51713  1.95719  4.22617  3.30596  3.85956  3.54136  2.30376  3.31651  4.44264  2.97964  4.06561  2.02828  2.68053  2.50331  2.95585  3.64689  5.83562  4.42641    245 - H
          2.68618  4.42225  2.77519  2.73123  3.46354  2.40513  3.72494  3.29354  2.67741  2.69355  4.24690  2.90347  2.73739  3.18146  2.89801  2.37887  2.77519  2.98518  4.58477  3.61503
          0.09758  5.05192  2.44681  0.61958  0.77255  0.53813  0.87668
    129   1.56959  4.81860  3.46988  2.84642  3.76038  1.90509  3.99743  3.37945  2.81249  3.05035  3.66088  3.28660  4.15676  2.95591  3.30985  2.90797  3.10505  2.76842  5.36855  3.55514    246 - H
          2.68618  4.42225  2.77519  2.73123  3.46354  2.40513  3.72494  3.29354  2.67741  2.69355  4.24690  2.90347  2.73739  3.18146  2.89801  2.37887  2.77519  2.98518  4.58477  3.61503
          0.01042  4.96477  5.68712  0.61958  0.77255  0.38086  1.14971
    130   1.46659  2.82012  4.48253  3.68837  3.12772  4.04996  4.35918  2.47098  3.75784  2.22939  3.22620  4.06446  3.77587  3.96370  3.71368  2.23555  3.16635  2.49038  5.00292  3.81456    247 - H
          2.68618  4.42225  2.77519  2.73123  3.46354  2.40513  3.72494  3.29354  2.67741  2.69355  4.24690  2.90347  2.73739  3.18146  2.89801  2.37887  2.77519  2.98518  4.58477  3.61503
          0.00946  5.06073  5.78307  0.61958  0.77255  0.51289  0.91320
    131   2.69191  5.21756  3.01128  2.11461  3.33056  3.71307  3.91001  3.03926  2.44414  3.11199  3.65615  3.09759  4.10436  2.56364  2.49665  2.19475  2.86212  3.56810  4.68329  3.10884    248 - C
          2.68618  4.42225  2.77519  2.73123  3.46354  2.40513  3.72494  3.29354  2.67741  2.69355  4.24690  2.90347  2.73739  3.18146  2.89801  2.37887  2.77519  2.98518  4.58477  3.61503
          0.00638  5.05764        *  0.61958  0.77255  0.00000        *
//
