HMMER3/b [3.0b2 | June 2009]
NAME  zf-C2H2
ACC   PF00096.19
DESC  Zinc finger, C2H2 type
LENG  23
ALPH  amino
RF    no
CS    yes
MAP   yes
DATE  Sun Sep 13 03:56:24 2009
NSEQ  196
EFFN  196.000000
CKSUM 3222569869
GA    20.80 20.80;
TC    20.80 20.80;
NC    20.70 20.70;
BM    hmmbuild HMM.ann SEED.ann
SM    hmmsearch -Z 9421015 -E 1000 HMM pfamseq
STATS LOCAL MSV       -6.8216  0.73126
STATS LOCAL VITERBI   -7.2043  0.73126
STATS LOCAL FORWARD   -3.2251  0.73126
HMM          A        C        D        E        F        G        H        I        K        L        M        N        P        Q        R        S        T        V        W        Y   
            m->m     m->i     m->d     i->m     i->i     d->m     d->d
  COMPO   3.23608  2.35412  3.37496  3.18264  2.98756  3.36693  2.29214  3.49437  2.52869  2.54835  3.85027  3.13880  3.60891  3.16869  2.65301  2.55153  2.98869  3.33315  5.14846  3.17678
          2.68618  4.42225  2.77519  2.73123  3.46354  2.40513  3.72494  3.29354  2.67741  2.69355  4.24690  2.90347  2.73739  3.18146  2.89801  2.37887  2.77519  2.98518  4.58477  3.61503
          0.00021  8.86509  9.58743  0.61958  0.77255  0.00000        *
      1   4.65972  3.92799  4.21842  7.45226  1.35389  5.03731  2.51600  3.49081  4.68452  2.73654  4.14588  5.39497  7.63037  4.90407  7.24064  4.22904  4.08564  4.29559  4.07610  0.88053      1 - E
          2.68618  4.42225  2.77519  2.73123  3.46354  2.40513  3.72494  3.29354  2.67741  2.69355  4.24690  2.90347  2.73739  3.18146  2.89801  2.37887  2.77519  2.98518  4.58477  3.61503
          0.00021  8.86509  9.58743  0.61958  0.77255  0.48576  0.95510
      2   3.16870  5.10284  4.00568  2.60901  4.58038  4.45901  4.24929  3.15610  2.13514  4.57399  3.99432  3.82174  3.04382  1.85052  2.34676  2.43443  2.38309  2.19356  8.83114  3.89062      2 - E
          2.68618  4.42225  2.77519  2.73123  3.46354  2.40513  3.72494  3.29354  2.67741  2.69355  4.24690  2.90347  2.73739  3.18146  2.89801  2.37887  2.77519  2.98518  4.58477  3.61503
          0.00021  8.86509  9.58743  0.61958  0.77255  0.48576  0.95510
      3  10.39890  0.00050 10.27575 10.36918 10.92507  9.33747 10.88378 11.37591 10.56362 10.38232 11.77009 10.72983  9.96860 10.88268 10.29393 10.85135 10.77218 11.03734 11.16383 11.17880      3 - E
          2.68618  4.42225  2.77519  2.73123  3.46354  2.40513  3.72494  3.29354  2.67741  2.69355  4.24690  2.90347  2.73739  3.18146  2.89801  2.37887  2.77519  2.98518  4.58477  3.61503
          0.00021  8.86509  9.58743  0.61958  0.77255  0.48576  0.95510
      4   3.04361  4.64515  3.09960  2.42181  4.44705  2.66984  2.40427  7.23534  2.49912  3.44162  4.87551  2.89508  1.98598  2.10891  3.18574  2.73085  2.99071  3.48771  5.37684  4.68808      4 - T
          2.68847  4.43197  2.77316  2.73265  3.45859  2.40943  3.72404  3.29557  2.67467  2.70327  4.25662  2.91319  2.72925  3.16662  2.90172  2.38304  2.78193  2.98791  4.47486  3.59777
          0.25944  1.47646  9.58743  0.77546  0.61710  0.48576  0.95510
      5   4.32384  4.98384  1.81975  2.78819  3.77017  2.78997  3.16922  2.46872  2.48978  2.10162  4.09561  3.24099  7.10217  3.68503  3.66829  3.29831  3.16525  2.82801  5.10954  2.42602      8 - T
          2.68618  4.42225  2.77519  2.73123  3.46354  2.40513  3.72494  3.29354  2.67741  2.69355  4.24690  2.90347  2.73739  3.18146  2.89801  2.37887  2.77519  2.98518  4.58477  3.61503
          0.00021  8.86509  9.58743  0.61958  0.77255  0.48576  0.95510
      6  10.39890  0.00050 10.27575 10.36918 10.92507  9.33747 10.88378 11.37591 10.56362 10.38232 11.77009 10.72983  9.96860 10.88268 10.29393 10.85135 10.77218 11.03734 11.16383 11.17880      9 - T
          2.68618  4.42225  2.77519  2.73123  3.46354  2.40513  3.72494  3.29354  2.67741  2.69355  4.24690  2.90347  2.73739  3.18146  2.89801  2.37887  2.77519  2.98518  4.58477  3.61503
          0.00021  8.86509  9.58743  0.61958  0.77255  0.48576  0.95510
      7   4.41407  8.40268  2.31203  3.26107  4.35676  1.27588  3.35461  7.23609  1.99322  3.74682  7.44298  2.73293  2.94273  3.31964  3.19716  2.57830  2.69157  4.90052  5.50387  4.40667     10 - T
          2.69115  4.42722  2.76674  2.71100  3.46851  2.41010  3.72992  3.29851  2.68238  2.68648  4.25187  2.90844  2.74237  3.18644  2.88822  2.37478  2.78017  2.99016  4.58974  3.62000
          0.08843  2.47019  9.58743  1.09509  0.40723  0.48576  0.95510
      8   3.91527  5.10626  4.90917  2.76319  3.59237  5.35063  4.47935  3.69299  0.90777  3.39260  3.56751  4.59830  3.15979  3.02930  1.94540  4.01056  2.98318  4.18368  4.59292  3.44677     14 - E
          2.68618  4.42225  2.77519  2.73123  3.46354  2.40513  3.72494  3.29354  2.67741  2.69355  4.24690  2.90347  2.73739  3.18146  2.89801  2.37887  2.77519  2.98518  4.58477  3.61503
          0.00021  8.86509  9.58743  0.61958  0.77255  0.48576  0.95510
      9   2.75430  3.47685  3.92884  3.30054  3.77975  3.75836  3.39428  3.72284  2.97213  4.12802  3.65753  3.49375  2.81777  3.60201  2.64854  1.35657  2.31376  2.44204  8.82143  3.90134     15 - E
          2.68618  4.42225  2.77519  2.73123  3.46354  2.40513  3.72494  3.29354  2.67741  2.69355  4.24690  2.90347  2.73739  3.18146  2.89801  2.37887  2.77519  2.98518  4.58477  3.61503
          0.00021  8.86509  9.58743  0.61958  0.77255  0.48576  0.95510
     10   4.27408  3.63476  4.43230  7.45986  0.51131  3.84871  7.60224  2.39039  7.24113  3.35949  4.46494  7.43545  7.63145  7.36933  5.08007  3.80400  3.31772  3.71102  8.09145  2.34405     16 - E
          2.68618  4.42225  2.77519  2.73123  3.46354  2.40513  3.72494  3.29354  2.67741  2.69355  4.24690  2.90347  2.73739  3.18146  2.89801  2.37887  2.77519  2.98518  4.58477  3.61503
          0.02526  8.86509  3.69689  0.61958  0.77255  0.48576  0.95510
     11   2.92073  4.35354  3.64539  3.22479  4.50690  4.00718  5.27820  3.69356  1.84156  4.89919  5.47013  2.65195  2.65585  4.69674  2.42980  1.37595  2.30842  3.37877  8.80804  4.28710     17 - S
          2.68618  4.42225  2.77519  2.73123  3.46354  2.40513  3.72494  3.29354  2.67741  2.69355  4.24690  2.90347  2.73739  3.18146  2.89801  2.37887  2.77519  2.98518  4.58477  3.61503
          0.00022  8.84004  9.56239  0.61958  0.77255  0.09313  2.41998
     12   3.05843  8.40168  2.61360  3.39298  4.39353  4.35759  2.95101  5.46646  3.12331  3.64390  4.61025  2.80828  4.69887  2.94458  1.20928  2.29123  2.09399  4.08988  5.44983  3.99983     18 - S
          2.68618  4.42225  2.77519  2.73123  3.46354  2.40513  3.72494  3.29354  2.67741  2.69355  4.24690  2.90347  2.73739  3.18146  2.89801  2.37887  2.77519  2.98518  4.58477  3.61503
          0.00021  8.86509  9.58743  0.61958  0.77255  0.48576  0.95510
     13   2.79390  4.64812  4.51936  3.61061  4.66726  4.13273  2.25043  4.69527  2.01754  2.73784  4.03461  2.98218  2.32903  2.26116  2.42725  2.32614  3.17474  4.50236  3.41214  4.43279     19 - H
          2.69110  4.42717  2.78012  2.73616  3.46846  2.39198  3.72987  3.29846  2.68233  2.69847  4.25182  2.90839  2.74232  3.14751  2.90293  2.38379  2.78012  2.99011  4.58969  3.56059
          0.08751  2.48024  9.58743  1.09505  0.40725  0.48576  0.95510
     14   1.99623  5.30533  2.55048  2.55428  3.85645  2.92536  3.54595  4.40032  2.98948  4.66871  3.51673  3.75496  4.34158  3.57095  3.51860  1.41046  3.10421  3.50174  5.50242  2.51579     23 - H
          2.68618  4.42225  2.77519  2.73123  3.46354  2.40513  3.72494  3.29354  2.67741  2.69355  4.24690  2.90347  2.73739  3.18146  2.89801  2.37887  2.77519  2.98518  4.58477  3.61503
          0.00021  8.86509  9.58743  0.61958  0.77255  0.48576  0.95510
     15   2.91310  5.33416  2.62031  2.56609  4.74718  3.64219  2.45081  7.23118  3.35638  2.22451  3.06279  1.53249  5.26356  3.06063  4.33731  2.52175  2.84181  4.15133  5.19029  3.25351     24 - H
          2.68618  4.42225  2.77519  2.73123  3.46354  2.40513  3.72494  3.29354  2.67741  2.69355  4.24690  2.90347  2.73739  3.18146  2.89801  2.37887  2.77519  2.98518  4.58477  3.61503
          0.00021  8.86509  9.58743  0.61958  0.77255  0.48576  0.95510
     16   4.68602  7.46978  8.07310  4.85413  2.53909  7.26743  7.60162  4.04548  5.01752  0.34805  3.71490  3.99683  7.63101  5.22165  4.88567  4.82513  4.96277  3.16525  5.03700  2.95857     25 - H
          2.68618  4.42225  2.77519  2.73123  3.46354  2.40513  3.72494  3.29354  2.67741  2.69355  4.24690  2.90347  2.73739  3.18146  2.89801  2.37887  2.77519  2.98518  4.58477  3.61503
          0.00021  8.86509  9.58743  0.61958  0.77255  0.48576  0.95510
     17   2.88684  4.54868  3.94489  2.20288  3.61723  5.10275  3.63406  3.25149  2.14334  1.97430  3.42496  3.06616  7.08050  2.57915  2.51158  3.20262  2.63195  2.54866  5.16954  4.12218     26 - H
          2.68618  4.42225  2.77519  2.73123  3.46354  2.40513  3.72494  3.29354  2.67741  2.69355  4.24690  2.90347  2.73739  3.18146  2.89801  2.37887  2.77519  2.98518  4.58477  3.61503
          0.00021  8.86509  9.58743  0.61958  0.77255  0.48576  0.95510
     18   2.68797  5.44248  3.63949  3.31925  3.87390  4.34631  3.64885  3.45243  2.02069  3.34676  4.14826  2.02801  7.06285  3.00518  1.81716  2.30811  2.94219  2.59358  5.06651  4.38149     27 - H
          2.68618  4.42225  2.77519  2.73123  3.46354  2.40513  3.72494  3.29354  2.67741  2.69355  4.24690  2.90347  2.73739  3.18146  2.89801  2.37887  2.77519  2.98518  4.58477  3.61503
          0.00021  8.86509  9.58743  0.61958  0.77255  0.48576  0.95510
     19  10.49060 10.78124 10.27180 10.36506 10.84210  9.35071  0.00050 11.38172 10.56295 10.37808 11.77656 10.74077  9.97773 10.88290 10.29484 10.96343 10.84153 11.06910 11.14344 11.06020     28 - H
          2.68618  4.42225  2.77519  2.73123  3.46354  2.40513  3.72494  3.29354  2.67741  2.69355  4.24690  2.90347  2.73739  3.18146  2.89801  2.37887  2.77519  2.98518  4.58477  3.61503
          0.00021  8.86509  9.58743  0.61958  0.77255  0.48576  0.95510
     20   3.26449  4.41322  7.73201  3.37708  4.52807  4.43625  4.14586  1.80300  3.16295  1.47092  1.96101  4.64247  7.57912  2.17267  3.04380  4.07430  3.48853  3.02453  4.65778  3.82653     29 - H
          2.68618  4.42225  2.77519  2.73123  3.46354  2.40513  3.72494  3.29354  2.67741  2.69355  4.24690  2.90347  2.73739  3.18146  2.89801  2.37887  2.77519  2.98518  4.58477  3.61503
          0.00021  8.86509  9.58743  0.61958  0.77255  0.48576  0.95510
     21   2.86631  4.41609  3.66051  3.22933  4.51665  4.57411  4.49039  3.48495  1.93393  2.70865  3.65401  2.69563  7.05908  3.23406  1.46083  1.84557  3.52382  3.69289  8.82572  4.32514     30 - H
          2.68618  4.42225  2.77519  2.73123  3.46354  2.40513  3.72494  3.29354  2.67741  2.69355  4.24690  2.90347  2.73739  3.18146  2.89801  2.37887  2.77519  2.98518  4.58477  3.61503
          0.00021  8.86509  9.58743  0.61958  0.77255  0.48576  0.95510
     22   3.22722  8.35497  4.25916  2.89729  3.75407  3.69316  4.44968  3.02070  2.19184  2.39958  3.48136  2.97485  7.06952  3.96638  1.69980  2.42301  2.12605  2.77420  5.14274  3.96214     31 - H
          2.69072  4.40649  2.77861  2.73034  3.47169  2.40927  3.70479  3.28912  2.67154  2.69552  4.19456  2.90540  2.73600  3.18331  2.90535  2.38045  2.77839  2.98186  4.59600  3.61529
          0.53799  0.87705  9.58743  0.32226  1.28921  0.48576  0.95510
     23  10.12679  1.67872 10.25550 10.34744 10.68540  9.29229  0.20721 11.28194 10.52730 10.32117 11.67805 10.64300  9.93409 10.83205 10.26532 10.51180 10.54908 10.88740 11.10574 10.86442     35 - T
          2.68618  4.42225  2.77519  2.73123  3.46354  2.40513  3.72494  3.29354  2.67741  2.69355  4.24690  2.90347  2.73739  3.18146  2.89801  2.37887  2.77519  2.98518  4.58477  3.61503
          0.00014  8.86502        *  0.61958  0.77255  0.00000        *
//
