HMMER3/b [3.0b2 | June 2009]
NAME  Transposase_14
ACC   PF01710.9
DESC  Transposase
LENG  120
ALPH  amino
RF    no
CS    no
MAP   yes
DATE  Wed Sep 23 02:47:18 2009
NSEQ  9
EFFN  1.103027
CKSUM 1227143429
GA    21.30 21.30;
TC    21.30 21.30;
NC    21.20 21.20;
BM    hmmbuild HMM.ann SEED.ann
SM    hmmsearch -Z 9421015 -E 1000 HMM pfamseq
STATS LOCAL MSV       -9.5248  0.71343
STATS LOCAL VITERBI  -10.5693  0.71343
STATS LOCAL FORWARD   -4.4363  0.71343
HMM          A        C        D        E        F        G        H        I        K        L        M        N        P        Q        R        S        T        V        W        Y   
            m->m     m->i     m->d     i->m     i->i     d->m     d->d
  COMPO   2.57419  4.41770  2.94194  2.61648  3.38135  3.13178  3.71173  2.88798  2.33863  2.52119  3.61239  3.08457  3.67666  3.07672  2.69545  2.68881  2.82269  2.73386  4.43309  3.34132
          2.68618  4.42225  2.77519  2.73123  3.46354  2.40513  3.72494  3.29354  2.67741  2.69355  4.24690  2.90347  2.73739  3.18146  2.89801  2.37887  2.77519  2.98518  4.58477  3.61503
          0.02154  4.24449  4.96684  0.61958  0.77255  0.00000        *
      1   3.30960  4.80722  4.47725  4.11565  3.43366  4.12954  4.76481  2.64982  3.85973  1.98500  0.80836  4.34214  4.60585  4.22400  4.01778  3.68992  3.62956  2.69654  5.31395  4.10252      1 - -
          2.68618  4.42225  2.77519  2.73123  3.46354  2.40513  3.72494  3.29354  2.67741  2.69355  4.24690  2.90347  2.73739  3.18146  2.89801  2.37887  2.77519  2.98518  4.58477  3.61503
          0.02154  4.24449  4.96684  0.61958  0.77255  0.48576  0.95510
      2   1.08703  4.55727  3.45827  3.03266  4.23191  3.34205  4.05802  3.57536  2.77297  3.26077  4.15102  3.35993  3.95060  3.28256  2.33059  2.75337  2.98852  3.20911  5.53064  4.29196      2 - -
          2.68618  4.42225  2.77519  2.73123  3.46354  2.40513  3.72494  3.29354  2.67741  2.69355  4.24690  2.90347  2.73739  3.18146  2.89801  2.37887  2.77519  2.98518  4.58477  3.61503
          0.02154  4.24449  4.96684  0.61958  0.77255  0.48576  0.95510
      3   3.01976  2.71713  4.28813  3.84488  2.66699  3.88852  3.92138  3.03810  3.66181  2.70013  3.77031  3.91888  4.36323  3.90448  3.82833  3.28685  3.32023  2.85643  4.29762  1.02915      3 - -
          2.68618  4.42225  2.77519  2.73123  3.46354  2.40513  3.72494  3.29354  2.67741  2.69355  4.24690  2.90347  2.73739  3.18146  2.89801  2.37887  2.77519  2.98518  4.58477  3.61503
          0.02154  4.24449  4.96684  0.61958  0.77255  0.48576  0.95510
      4   2.79192  5.04069  1.85129  2.44322  4.64404  3.29341  3.95321  4.14811  2.91365  3.72433  4.55724  2.96643  3.92150  3.13149  3.42821  1.24463  3.14320  3.69220  5.88426  4.47474      4 - -
          2.68618  4.42225  2.77519  2.73123  3.46354  2.40513  3.72494  3.29354  2.67741  2.69355  4.24690  2.90347  2.73739  3.18146  2.89801  2.37887  2.77519  2.98518  4.58477  3.61503
          0.02154  4.24449  4.96684  0.61958  0.77255  0.48576  0.95510
      5   2.90014  4.40439  4.13095  3.55974  3.37527  3.98890  4.26505  1.71333  2.64065  1.46463  3.28376  3.86411  4.33009  3.68272  3.54628  3.29093  3.13191  2.25571  5.04970  3.86140      5 - -
          2.68618  4.42225  2.77519  2.73123  3.46354  2.40513  3.72494  3.29354  2.67741  2.69355  4.24690  2.90347  2.73739  3.18146  2.89801  2.37887  2.77519  2.98518  4.58477  3.61503
          0.02154  4.24449  4.96684  0.61958  0.77255  0.48576  0.95510
      6   3.12543  5.66641  0.92490  2.24060  4.98624  3.33587  3.96273  4.58158  3.05024  4.08121  4.96112  2.19812  3.99772  3.14656  3.67448  3.00595  3.44353  4.13037  6.19233  4.66115      6 - -
          2.68618  4.42225  2.77519  2.73123  3.46354  2.40513  3.72494  3.29354  2.67741  2.69355  4.24690  2.90347  2.73739  3.18146  2.89801  2.37887  2.77519  2.98518  4.58477  3.61503
          0.02154  4.24449  4.96684  0.61958  0.77255  0.48576  0.95510
      7   3.54862  4.84326  5.07162  4.57347  1.85888  4.70321  4.63456  2.45067  4.42080  0.84049  3.02917  4.69806  4.88984  4.44500  4.47441  4.08267  3.76932  2.62531  4.80662  3.38934      7 - -
          2.68618  4.42225  2.77519  2.73123  3.46354  2.40513  3.72494  3.29354  2.67741  2.69355  4.24690  2.90347  2.73739  3.18146  2.89801  2.37887  2.77519  2.98518  4.58477  3.61503
          0.02154  4.24449  4.96684  0.61958  0.77255  0.48576  0.95510
      8   3.47976  5.25925  4.01322  3.46553  4.71202  3.87369  4.16829  4.29495  2.48546  3.74302  4.74708  3.78932  4.37061  3.38216  0.53404  3.55478  3.72818  4.00590  5.65062  4.57412      8 - -
          2.68618  4.42225  2.77519  2.73123  3.46354  2.40513  3.72494  3.29354  2.67741  2.69355  4.24690  2.90347  2.73739  3.18146  2.89801  2.37887  2.77519  2.98518  4.58477  3.61503
          0.02154  4.24449  4.96684  0.61958  0.77255  0.48576  0.95510
      9   2.75726  4.86480  3.20920  2.62691  4.09412  3.56521  3.70355  2.75031  1.69584  2.74822  3.92503  3.11159  3.94573  2.22528  2.69104  2.80752  2.97497  3.17075  5.33270  4.04696      9 - -
          2.68618  4.42225  2.77519  2.73123  3.46354  2.40513  3.72494  3.29354  2.67741  2.69355  4.24690  2.90347  2.73739  3.18146  2.89801  2.37887  2.77519  2.98518  4.58477  3.61503
          0.02154  4.24449  4.96684  0.61958  0.77255  0.48576  0.95510
     10   3.26416  5.36902  3.72906  2.98926  4.88826  3.84563  3.72242  4.20835  1.02721  3.59976  4.47558  3.36556  4.19554  2.85140  1.59451  3.24641  3.40746  3.88831  5.59592  4.46593     10 - -
          2.68618  4.42225  2.77519  2.73123  3.46354  2.40513  3.72494  3.29354  2.67741  2.69355  4.24690  2.90347  2.73739  3.18146  2.89801  2.37887  2.77519  2.98518  4.58477  3.61503
          0.02154  4.24449  4.96684  0.61958  0.77255  0.48576  0.95510
     11   2.22486  4.37870  4.38712  4.00620  3.87670  3.78152  4.79863  2.15604  3.91374  2.58068  3.74693  4.10926  4.37876  4.21289  4.12765  3.22004  3.18203  0.90465  5.61832  4.40053     11 - -
          2.68618  4.42225  2.77519  2.73123  3.46354  2.40513  3.72494  3.29354  2.67741  2.69355  4.24690  2.90347  2.73739  3.18146  2.89801  2.37887  2.77519  2.98518  4.58477  3.61503
          0.02154  4.24449  4.96684  0.61958  0.77255  0.48576  0.95510
     12   3.24058  4.53753  5.05659  4.48946  2.51767  4.54995  4.89281  1.42937  4.35782  1.33674  3.08615  4.64224  4.77413  4.44348  4.42766  3.89664  3.46883  1.84622  5.21555  4.09226     12 - -
          2.68618  4.42225  2.77519  2.73123  3.46354  2.40513  3.72494  3.29354  2.67741  2.69355  4.24690  2.90347  2.73739  3.18146  2.89801  2.37887  2.77519  2.98518  4.58477  3.61503
          0.02154  4.24449  4.96684  0.61958  0.77255  0.48576  0.95510
     13   2.20506  4.96635  2.11073  2.40795  4.34060  3.38183  3.70543  3.78357  2.51242  3.34585  4.13585  2.50715  3.84239  2.83975  2.99798  2.21021  2.91956  2.98081  5.54401  4.17115     13 - -
          2.68618  4.42225  2.77519  2.73123  3.46354  2.40513  3.72494  3.29354  2.67741  2.69355  4.24690  2.90347  2.73739  3.18146  2.89801  2.37887  2.77519  2.98518  4.58477  3.61503
          0.02154  4.24449  4.96684  0.61958  0.77255  0.48576  0.95510
     14   4.01955  5.14394  4.96710  4.74159  1.17305  4.67777  3.57478  3.65686  4.56357  2.92149  4.22841  4.30894  4.96629  4.41434  4.50913  4.06543  4.23314  3.59502  3.68086  0.96429     14 - -
          2.68618  4.42225  2.77519  2.73123  3.46354  2.40513  3.72494  3.29354  2.67741  2.69355  4.24690  2.90347  2.73739  3.18146  2.89801  2.37887  2.77519  2.98518  4.58477  3.61503
          0.02154  4.24449  4.96684  0.61958  0.77255  0.48576  0.95510
     15   2.99886  2.41185  4.82422  4.26713  3.47531  4.29442  4.73188  1.43024  4.13323  1.89106  3.35536  4.39621  4.61306  4.32510  4.25194  3.63595  3.24472  1.57889  5.23394  4.05321     15 - -
          2.68618  4.42225  2.77519  2.73123  3.46354  2.40513  3.72494  3.29354  2.67741  2.69355  4.24690  2.90347  2.73739  3.18146  2.89801  2.37887  2.77519  2.98518  4.58477  3.61503
          0.02154  4.24449  4.96684  0.61958  0.77255  0.48576  0.95510
     16   2.96932  5.28724  2.78357  1.15271  4.63857  3.50484  3.79228  4.09018  2.43295  3.59393  4.43505  3.02226  3.99700  2.93765  2.24359  2.93122  3.21051  3.72041  5.70895  4.37835     16 - -
          2.68618  4.42225  2.77519  2.73123  3.46354  2.40513  3.72494  3.29354  2.67741  2.69355  4.24690  2.90347  2.73739  3.18146  2.89801  2.37887  2.77519  2.98518  4.58477  3.61503
          0.02154  4.24449  4.96684  0.61958  0.77255  0.48576  0.95510
     17   2.37852  4.87627  3.01643  2.47670  4.22479  2.81064  3.67940  3.65389  2.26655  3.22707  4.02427  2.98833  3.84390  2.81639  2.38182  2.16033  2.50058  3.29123  5.43562  4.09404     17 - -
          2.68618  4.42225  2.77519  2.73123  3.46354  2.40513  3.72494  3.29354  2.67741  2.69355  4.24690  2.90347  2.73739  3.18146  2.89801  2.37887  2.77519  2.98518  4.58477  3.61503
          0.02154  4.24449  4.96684  0.61958  0.77255  0.48576  0.95510
     18   2.41901  4.35600  3.55054  3.32645  4.52522  1.13275  4.42991  3.90570  3.41735  3.62894  4.47608  3.48300  3.87327  3.71196  3.71398  2.59776  1.73755  3.36035  5.85328  4.65769     18 - -
          2.68618  4.42225  2.77519  2.73123  3.46354  2.40513  3.72494  3.29354  2.67741  2.69355  4.24690  2.90347  2.73739  3.18146  2.89801  2.37887  2.77519  2.98518  4.58477  3.61503
          0.02154  4.24449  4.96684  0.61958  0.77255  0.48576  0.95510
     19   2.85524  5.14947  2.28764  2.39015  4.47449  1.41498  2.76557  4.01825  2.75904  3.57584  4.40969  2.93475  3.93419  3.02525  3.25529  2.83509  3.14706  3.62870  5.72159  4.30943     19 - -
          2.68618  4.42225  2.77519  2.73123  3.46354  2.40513  3.72494  3.29354  2.67741  2.69355  4.24690  2.90347  2.73739  3.18146  2.89801  2.37887  2.77519  2.98518  4.58477  3.61503
          0.02154  4.24449  4.96684  0.61958  0.77255  0.48576  0.95510
     20   2.60622  4.72146  3.00598  2.66601  4.41373  2.22235  3.91841  3.85207  2.31617  3.44693  4.26230  3.11075  3.87759  3.09193  3.12050  1.44400  2.95945  3.41604  5.64694  4.33571     20 - -
          2.68618  4.42225  2.77519  2.73123  3.46354  2.40513  3.72494  3.29354  2.67741  2.69355  4.24690  2.90347  2.73739  3.18146  2.89801  2.37887  2.77519  2.98518  4.58477  3.61503
          0.02154  4.24449  4.96684  0.61958  0.77255  0.48576  0.95510
     21   2.33250  4.41149  3.71836  3.20190  3.62258  3.73298  4.08374  1.45634  2.45967  2.54922  3.55172  3.56236  4.15122  3.41776  3.29117  3.04676  3.01775  2.33744  5.13562  3.91160     21 - -
          2.68618  4.42225  2.77519  2.73123  3.46354  2.40513  3.72494  3.29354  2.67741  2.69355  4.24690  2.90347  2.73739  3.18146  2.89801  2.37887  2.77519  2.98518  4.58477  3.61503
          0.02154  4.24449  4.96684  0.61958  0.77255  0.48576  0.95510
     22   2.19388  4.68616  3.01600  2.23363  4.18354  3.35788  3.89461  3.50294  2.74603  3.20497  4.06027  3.12010  3.90163  3.08816  3.16299  2.72160  1.50895  3.16276  5.49520  4.19398     22 - -
          2.68618  4.42225  2.77519  2.73123  3.46354  2.40513  3.72494  3.29354  2.67741  2.69355  4.24690  2.90347  2.73739  3.18146  2.89801  2.37887  2.77519  2.98518  4.58477  3.61503
          0.02154  4.24449  4.96684  0.61958  0.77255  0.48576  0.95510
     23   2.98718  5.38373  2.65534  1.23855  4.73544  3.47491  3.78405  4.18003  1.85017  3.67124  4.50318  2.96098  3.98451  2.92570  2.83580  2.92595  3.22893  3.79417  5.78692  4.42720     23 - -
          2.68618  4.42225  2.77519  2.73123  3.46354  2.40513  3.72494  3.29354  2.67741  2.69355  4.24690  2.90347  2.73739  3.18146  2.89801  2.37887  2.77519  2.98518  4.58477  3.61503
          0.02154  4.24449  4.96684  0.61958  0.77255  0.48576  0.95510
     24   0.98319  4.30190  3.99140  3.62836  4.04648  3.31361  4.51184  2.85592  3.56094  2.93013  3.97655  3.71208  4.01687  3.86054  3.81360  2.75824  2.95587  2.06105  5.60046  4.39059     24 - -
          2.68618  4.42225  2.77519  2.73123  3.46354  2.40513  3.72494  3.29354  2.67741  2.69355  4.24690  2.90347  2.73739  3.18146  2.89801  2.37887  2.77519  2.98518  4.58477  3.61503
          0.02154  4.24449  4.96684  0.61958  0.77255  0.48576  0.95510
     25   2.09980  4.57409  3.28148  2.82960  4.27951  3.28593  3.95160  3.68919  2.72187  3.31922  4.14682  3.21431  3.87227  3.14117  2.44693  1.36271  2.90206  3.27382  5.54701  4.27201     25 - -
          2.68618  4.42225  2.77519  2.73123  3.46354  2.40513  3.72494  3.29354  2.67741  2.69355  4.24690  2.90347  2.73739  3.18146  2.89801  2.37887  2.77519  2.98518  4.58477  3.61503
          0.02154  4.24449  4.96684  0.61958  0.77255  0.48576  0.95510
     26   2.81774  5.12829  3.16498  2.55806  4.47954  3.56286  2.69248  3.89375  1.76389  3.38733  4.18704  3.05426  3.93741  2.37720  2.02978  2.80441  3.02411  3.04383  5.50906  4.21040     26 - -
          2.68618  4.42225  2.77519  2.73123  3.46354  2.40513  3.72494  3.29354  2.67741  2.69355  4.24690  2.90347  2.73739  3.18146  2.89801  2.37887  2.77519  2.98518  4.58477  3.61503
          0.02154  4.24449  4.96684  0.61958  0.77255  0.48576  0.95510
     27   2.71517  4.27592  3.90496  3.33502  3.43734  3.77567  4.09744  1.91224  3.20406  2.40647  3.39103  3.65158  4.15700  3.51741  2.75934  3.06077  2.42357  1.71459  4.97066  3.76083     27 - -
          2.68618  4.42225  2.77519  2.73123  3.46354  2.40513  3.72494  3.29354  2.67741  2.69355  4.24690  2.90347  2.73739  3.18146  2.89801  2.37887  2.77519  2.98518  4.58477  3.61503
          0.02154  4.24449  4.96684  0.61958  0.77255  0.48576  0.95510
     28   3.89110  5.07632  4.88555  4.62308  0.73268  4.60750  3.63136  3.48686  4.45315  2.76517  4.07589  4.29100  4.91032  4.36809  4.43747  3.99854  4.11410  3.44432  3.75165  1.70898     28 - -
          2.68618  4.42225  2.77519  2.73123  3.46354  2.40513  3.72494  3.29354  2.67741  2.69355  4.24690  2.90347  2.73739  3.18146  2.89801  2.37887  2.77519  2.98518  4.58477  3.61503
          0.02154  4.24449  4.96684  0.61958  0.77255  0.48576  0.95510
     29   2.71150  5.15601  2.62836  2.37849  4.49573  2.84553  3.62963  3.95717  2.01787  3.44530  4.20959  2.91682  3.84992  2.04937  2.35474  2.67783  2.93960  3.54639  5.57900  4.19994     29 - -
          2.68618  4.42225  2.77519  2.73123  3.46354  2.40513  3.72494  3.29354  2.67741  2.69355  4.24690  2.90347  2.73739  3.18146  2.89801  2.37887  2.77519  2.98518  4.58477  3.61503
          0.02154  4.24449  4.96684  0.61958  0.77255  0.48576  0.95510
     30   3.26751  4.52847  5.14253  4.66128  3.76100  4.71996  5.36586  1.07957  4.56380  2.22776  3.53759  4.84661  4.99976  4.81644  4.74034  4.12971  3.53275  1.13342  5.79003  4.58417     30 - -
          2.68618  4.42225  2.77519  2.73123  3.46354  2.40513  3.72494  3.29354  2.67741  2.69355  4.24690  2.90347  2.73739  3.18146  2.89801  2.37887  2.77519  2.98518  4.58477  3.61503
          0.02154  4.24449  4.96684  0.61958  0.77255  0.48576  0.95510
     31   1.86911  4.29552  3.57225  3.30392  4.57502  1.37530  4.40625  4.01640  3.40828  3.68311  4.48279  3.43920  3.81336  3.66785  3.73042  1.62658  2.83662  3.39308  5.89504  4.69023     31 - -
          2.68618  4.42225  2.77519  2.73123  3.46354  2.40513  3.72494  3.29354  2.67741  2.69355  4.24690  2.90347  2.73739  3.18146  2.89801  2.37887  2.77519  2.98518  4.58477  3.61503
          0.02154  4.24449  4.96684  0.61958  0.77255  0.48576  0.95510
     32   3.08277  5.12957  3.62592  2.91566  4.46768  3.77374  3.72211  3.81340  1.82443  2.58101  4.21097  3.31565  4.12714  2.87048  1.22030  3.11184  3.25444  3.53140  5.45641  4.26771     32 - -
          2.68618  4.42225  2.77519  2.73123  3.46354  2.40513  3.72494  3.29354  2.67741  2.69355  4.24690  2.90347  2.73739  3.18146  2.89801  2.37887  2.77519  2.98518  4.58477  3.61503
          0.02154  4.24449  4.96684  0.61958  0.77255  0.48576  0.95510
     33   1.64123  4.80670  3.04685  2.60672  4.28372  3.39336  3.79826  3.70128  2.52900  3.29866  4.12125  2.15841  3.89278  2.95961  2.42392  2.71667  2.95557  3.32949  5.50667  4.19374     33 - -
          2.68618  4.42225  2.77519  2.73123  3.46354  2.40513  3.72494  3.29354  2.67741  2.69355  4.24690  2.90347  2.73739  3.18146  2.89801  2.37887  2.77519  2.98518  4.58477  3.61503
          0.02154  4.24449  4.96684  0.61958  0.77255  0.48576  0.95510
     34   2.38557  4.31798  3.60453  3.29871  4.37084  3.11517  4.34474  3.72934  3.30550  3.46622  4.31840  3.45785  3.85319  3.62214  3.60776  1.72429  1.14936  3.23488  5.73274  4.51113     34 - -
          2.68618  4.42225  2.77519  2.73123  3.46354  2.40513  3.72494  3.29354  2.67741  2.69355  4.24690  2.90347  2.73739  3.18146  2.89801  2.37887  2.77519  2.98518  4.58477  3.61503
          0.02154  4.24449  4.96684  0.61958  0.77255  0.48576  0.95510
     35   3.27172  4.54105  5.12052  4.64177  3.73046  4.70121  5.34349  0.94320  4.53634  2.18884  3.51128  4.82997  4.98713  4.78793  4.71160  4.11264  3.53875  1.32863  5.76570  4.56396     35 - -
          2.68618  4.42225  2.77519  2.73123  3.46354  2.40513  3.72494  3.29354  2.67741  2.69355  4.24690  2.90347  2.73739  3.18146  2.89801  2.37887  2.77519  2.98518  4.58477  3.61503
          0.02154  4.24449  4.96684  0.61958  0.77255  0.48576  0.95510
     36   3.97963  5.14007  4.88499  4.64055  1.63700  4.63859  3.58571  3.64129  4.47142  2.91775  4.22313  4.27957  4.93969  4.37257  4.45468  4.02923  4.19911  3.57652  3.70131  0.71494     36 - -
          2.68618  4.42225  2.77519  2.73123  3.46354  2.40513  3.72494  3.29354  2.67741  2.69355  4.24690  2.90347  2.73739  3.18146  2.89801  2.37887  2.77519  2.98518  4.58477  3.61503
          0.02154  4.24449  4.96684  0.61958  0.77255  0.48576  0.95510
     37   2.80816  5.11721  2.99725  2.51341  4.49029  2.59551  3.68570  3.91876  2.27832  3.42569  4.22844  2.51778  3.92761  2.53020  1.68075  2.79544  3.03648  3.54344  5.56081  4.24120     37 - -
          2.68618  4.42225  2.77519  2.73123  3.46354  2.40513  3.72494  3.29354  2.67741  2.69355  4.24690  2.90347  2.73739  3.18146  2.89801  2.37887  2.77519  2.98518  4.58477  3.61503
          0.02154  4.24449  4.96684  0.61958  0.77255  0.48576  0.95510
     38   4.02836  5.25555  4.70622  4.51570  3.15006  4.18799  4.43798  4.08907  4.24257  3.41193  4.70188  4.59601  4.73915  4.60937  4.29926  4.22825  4.35127  3.98841  0.38254  3.13547     38 - -
          2.68618  4.42225  2.77519  2.73123  3.46354  2.40513  3.72494  3.29354  2.67741  2.69355  4.24690  2.90347  2.73739  3.18146  2.89801  2.37887  2.77519  2.98518  4.58477  3.61503
          0.02154  4.24449  4.96684  0.61958  0.77255  0.48576  0.95510
     39   3.60235  4.96341  4.78702  4.44443  3.32337  4.45112  4.98616  2.56194  4.21001  0.52280  3.25766  4.68508  4.83242  4.48623  4.31854  4.09128  3.88493  2.69289  5.32017  4.12421     39 - -
          2.68618  4.42225  2.77519  2.73123  3.46354  2.40513  3.72494  3.29354  2.67741  2.69355  4.24690  2.90347  2.73739  3.18146  2.89801  2.37887  2.77519  2.98518  4.58477  3.61503
          0.02154  4.24449  4.96684  0.61958  0.77255  0.48576  0.95510
     40   2.71952  5.03831  2.85275  2.44451  4.46507  2.42725  3.72076  3.91398  1.70085  3.44325  4.23438  2.56703  3.87645  2.85217  2.87352  2.30266  2.98203  3.51147  5.60649  4.24734     40 - -
          2.68623  4.42230  2.77525  2.73128  3.46359  2.40518  3.72499  3.29359  2.67746  2.69310  4.24695  2.90352  2.73745  3.18109  2.89806  2.37892  2.77525  2.98523  4.58482  3.61508
          0.33749  1.27484  4.96684  0.18145  1.79612  0.48576  0.95510
     41   2.85470  5.22665  2.46566  2.49914  4.59957  3.52893  3.66955  4.03003  1.75379  3.50104  4.29675  3.01221  3.94051  2.78794  1.65761  2.82115  3.07002  3.64225  5.60423  4.28299     42 - -
          2.68618  4.42225  2.77519  2.73123  3.46354  2.40513  3.72494  3.29354  2.67741  2.69355  4.24690  2.90347  2.73739  3.18146  2.89801  2.37887  2.77519  2.98518  4.58477  3.61503
          0.02154  4.24449  4.96684  0.61958  0.77255  0.48576  0.95510
     42   2.76623  5.22548  2.26226  1.54275  4.52831  3.39324  3.69570  3.99749  2.50905  3.51261  4.29459  2.86563  3.86363  2.40741  3.01424  2.71968  3.01085  2.96260  5.67790  4.26186     43 - -
          2.68618  4.42225  2.77519  2.73123  3.46354  2.40513  3.72494  3.29354  2.67741  2.69355  4.24690  2.90347  2.73739  3.18146  2.89801  2.37887  2.77519  2.98518  4.58477  3.61503
          0.02154  4.24449  4.96684  0.61958  0.77255  0.48576  0.95510
     43   2.35655  5.15723  2.53069  1.96638  4.48844  3.41787  3.62950  3.95867  1.92653  3.45039  4.20945  2.89051  3.83389  2.73815  2.47092  2.65589  2.92471  3.54184  5.59093  4.19489     44 - -
          2.68618  4.42225  2.77519  2.73123  3.46354  2.40513  3.72494  3.29354  2.67741  2.69355  4.24690  2.90347  2.73739  3.18146  2.89801  2.37887  2.77519  2.98518  4.58477  3.61503
          0.02154  4.24449  4.96684  0.61958  0.77255  0.48576  0.95510
     44   2.65689  4.43983  3.44743  2.97406  3.65057  3.53962  3.95400  2.92307  2.89670  1.66640  3.62238  2.68815  4.00637  3.25823  3.23149  2.85872  2.11823  2.69734  5.11108  3.85583     45 - -
          2.68618  4.42225  2.77519  2.73123  3.46354  2.40513  3.72494  3.29354  2.67741  2.69355  4.24690  2.90347  2.73739  3.18146  2.89801  2.37887  2.77519  2.98518  4.58477  3.61503
          0.02154  4.24449  4.96684  0.61958  0.77255  0.48576  0.95510
     45   1.78657  2.60199  3.96183  3.56991  4.28869  1.41267  4.44691  3.68509  3.52150  3.39563  4.22800  3.56620  3.81915  3.77503  3.78428  2.07317  2.79131  3.17081  5.67649  4.50266     46 - -
          2.68618  4.42225  2.77519  2.73123  3.46354  2.40513  3.72494  3.29354  2.67741  2.69355  4.24690  2.90347  2.73739  3.18146  2.89801  2.37887  2.77519  2.98518  4.58477  3.61503
          0.02154  4.24449  4.96684  0.61958  0.77255  0.48576  0.95510
     46   2.15483  3.35728  3.18974  2.24723  3.79322  3.08872  3.74633  3.17890  2.62637  2.84436  3.69930  3.11957  3.22151  2.96098  3.05159  2.72445  2.85418  2.90617  5.15400  3.05691     47 - -
          2.68618  4.42225  2.77519  2.73123  3.46354  2.40513  3.72494  3.29354  2.67741  2.69355  4.24690  2.90347  2.73739  3.18146  2.89801  2.37887  2.77519  2.98518  4.58477  3.61503
          0.02154  4.24449  4.96684  0.61958  0.77255  0.48576  0.95510
     47   2.70630  4.54794  3.29652  2.38750  3.71796  3.57761  3.88653  2.95251  2.77746  1.82635  3.64249  3.27263  4.00372  3.14513  3.14361  2.87113  2.04253  2.73640  5.15960  3.90216     48 - -
          2.68618  4.42225  2.77519  2.73123  3.46354  2.40513  3.72494  3.29354  2.67741  2.69355  4.24690  2.90347  2.73739  3.18146  2.89801  2.37887  2.77519  2.98518  4.58477  3.61503
          0.02154  4.24449  4.96684  0.61958  0.77255  0.48576  0.95510
     48   2.78095  5.19633  2.98576  2.16575  4.56051  3.49976  3.12450  4.00379  1.71577  3.47272  4.24855  2.39643  3.89604  2.74574  2.26110  2.74680  2.99785  3.60141  5.58170  4.23845     49 - -
          2.68618  4.42225  2.77519  2.73123  3.46354  2.40513  3.72494  3.29354  2.67741  2.69355  4.24690  2.90347  2.73739  3.18146  2.89801  2.37887  2.77519  2.98518  4.58477  3.61503
          0.02154  4.24449  4.96684  0.61958  0.77255  0.48576  0.95510
     49   2.66157  4.79842  2.55530  2.50179  4.02370  3.45474  2.55692  3.43994  2.54781  3.06895  3.90247  3.01507  3.02069  2.88676  3.00159  2.71019  2.90323  2.20410  5.32452  3.99326     50 - -
          2.68618  4.42225  2.77519  2.73123  3.46354  2.40513  3.72494  3.29354  2.67741  2.69355  4.24690  2.90347  2.73739  3.18146  2.89801  2.37887  2.77519  2.98518  4.58477  3.61503
          0.02154  4.24449  4.96684  0.61958  0.77255  0.48576  0.95510
     50   2.79266  5.24624  2.71974  1.75247  4.57900  2.72820  3.68374  4.04399  2.11208  3.53317  4.31353  2.90093  3.88331  2.09612  2.85337  2.74555  3.02877  3.63528  5.67071  4.27963     51 - -
          2.68618  4.42225  2.77519  2.73123  3.46354  2.40513  3.72494  3.29354  2.67741  2.69355  4.24690  2.90347  2.73739  3.18146  2.89801  2.37887  2.77519  2.98518  4.58477  3.61503
          0.02154  4.24449  4.96684  0.61958  0.77255  0.48576  0.95510
     51   2.61787  4.62014  3.19261  2.65117  3.88421  3.47065  3.76086  3.26184  2.59753  2.92531  3.77613  2.80774  2.58011  2.96328  2.64957  2.71956  2.44335  2.25212  5.22198  3.93657     52 - -
          2.68618  4.42225  2.77519  2.73123  3.46354  2.40513  3.72494  3.29354  2.67741  2.69355  4.24690  2.90347  2.73739  3.18146  2.89801  2.37887  2.77519  2.98518  4.58477  3.61503
          0.02154  4.24449  4.96684  0.61958  0.77255  0.48576  0.95510
     52   3.29534  5.37366  3.79229  3.02891  4.90000  3.86762  3.72747  4.21225  1.43309  3.60154  4.48393  3.39207  4.21386  2.85803  1.10278  3.28040  3.43271  3.89891  5.59352  4.47600     53 - -
          2.68618  4.42225  2.77519  2.73123  3.46354  2.40513  3.72494  3.29354  2.67741  2.69355  4.24690  2.90347  2.73739  3.18146  2.89801  2.37887  2.77519  2.98518  4.58477  3.61503
          0.02154  4.24449  4.96684  0.61958  0.77255  0.48576  0.95510
     53   2.77296  5.13943  3.03741  2.48075  4.48754  2.44383  3.02172  3.92056  1.99594  3.41186  4.19732  2.99577  3.90074  2.18313  2.25913  2.75078  2.98904  3.53675  5.53815  4.20724     54 - -
          2.68618  4.42225  2.77519  2.73123  3.46354  2.40513  3.72494  3.29354  2.67741  2.69355  4.24690  2.90347  2.73739  3.18146  2.89801  2.37887  2.77519  2.98518  4.58477  3.61503
          0.02154  4.24449  4.96684  0.61958  0.77255  0.48576  0.95510
     54   2.70720  4.88953  3.11408  2.56496  4.21270  3.48746  3.17033  3.63035  2.36388  3.20731  4.02619  3.05736  3.90150  2.84572  1.90372  2.35258  2.20272  3.29286  5.40804  4.09927     55 - -
          2.68618  4.42225  2.77519  2.73123  3.46354  2.40513  3.72494  3.29354  2.67741  2.69355  4.24690  2.90347  2.73739  3.18146  2.89801  2.37887  2.77519  2.98518  4.58477  3.61503
          0.27316  4.24449  1.49304  0.61958  0.77255  0.48576  0.95510
     55   2.90056  5.06109  3.05667  2.59788  4.22517  3.52767  2.12728  3.81971  1.55847  3.32326  4.18725  3.06488  3.95220  2.80246  2.39208  2.90015  3.11080  3.49586  5.34870  4.02895     56 - -
          2.68628  4.42235  2.77529  2.73133  3.46364  2.40523  3.72504  3.29319  2.67751  2.69365  4.24700  2.90357  2.73672  3.18156  2.89750  2.37897  2.77529  2.98528  4.58487  3.61513
          0.44523  1.04862  4.72129  0.67630  0.71028  0.35474  1.20851
     56   3.36062  5.30071  3.55900  3.13074  4.77484  3.78930  4.02903  4.23301  0.62097  3.72384  4.68066  3.53232  4.27595  3.21038  2.58210  3.38743  3.59333  3.92555  5.68624  4.56206     59 - -
          2.68618  4.42225  2.77519  2.73123  3.46354  2.40513  3.72494  3.29354  2.67741  2.69355  4.24690  2.90347  2.73739  3.18146  2.89801  2.37887  2.77519  2.98518  4.58477  3.61503
          0.02154  4.24449  4.96684  0.61958  0.77255  0.48576  0.95510
     57   3.28743  4.54788  5.14734  4.61926  3.53928  4.71720  5.20497  1.29858  4.51229  1.52145  3.32215  4.80785  4.94310  4.68168  4.64320  4.09446  3.53134  1.35245  5.56225  4.42322     60 - -
          2.68618  4.42225  2.77519  2.73123  3.46354  2.40513  3.72494  3.29354  2.67741  2.69355  4.24690  2.90347  2.73739  3.18146  2.89801  2.37887  2.77519  2.98518  4.58477  3.61503
          0.02154  4.24449  4.96684  0.61958  0.77255  0.48576  0.95510
     58   3.10665  5.65889  1.04589  2.23496  4.97605  3.33623  3.94348  4.56041  3.01264  4.05491  4.92439  1.91749  3.98849  3.12201  3.63100  2.98821  3.41835  4.10958  6.17350  4.64513     61 - -
          2.68618  4.42225  2.77519  2.73123  3.46354  2.40513  3.72494  3.29354  2.67741  2.69355  4.24690  2.90347  2.73739  3.18146  2.89801  2.37887  2.77519  2.98518  4.58477  3.61503
          0.02154  4.24449  4.96684  0.61958  0.77255  0.48576  0.95510
     59   2.72006  4.63419  3.35012  2.76590  3.71352  3.59136  3.75049  2.85217  2.51379  2.85242  3.73037  2.67937  3.97266  2.99058  1.91518  2.84030  2.94412  2.94457  2.83215  3.77147     62 - -
          2.68618  4.42225  2.77519  2.73123  3.46354  2.40513  3.72494  3.29354  2.67741  2.69355  4.24690  2.90347  2.73739  3.18146  2.89801  2.37887  2.77519  2.98518  4.58477  3.61503
          0.02154  4.24449  4.96684  0.61958  0.77255  0.48576  0.95510
     60   2.93305  5.50164  1.57191  1.72423  4.80891  3.36936  3.78380  4.31435  1.98684  3.78819  4.58844  2.82320  3.91841  2.92203  3.20157  2.84053  3.19412  3.87819  5.92873  4.46066     63 - -
          2.68618  4.42225  2.77519  2.73123  3.46354  2.40513  3.72494  3.29354  2.67741  2.69355  4.24690  2.90347  2.73739  3.18146  2.89801  2.37887  2.77519  2.98518  4.58477  3.61503
          0.02154  4.24449  4.96684  0.61958  0.77255  0.48576  0.95510
     61   2.16439  5.12000  2.94881  2.00408  4.45305  3.46815  3.63475  3.89814  2.14221  3.40008  4.17693  2.95108  3.86792  2.40124  2.26218  2.70230  2.95024  3.50684  5.54216  4.18535     64 - -
          2.68618  4.42225  2.77519  2.73123  3.46354  2.40513  3.72494  3.29354  2.67741  2.69355  4.24690  2.90347  2.73739  3.18146  2.89801  2.37887  2.77519  2.98518  4.58477  3.61503
          0.02154  4.24449  4.96684  0.61958  0.77255  0.48576  0.95510
     62   3.60235  4.96341  4.78702  4.44443  3.32337  4.45112  4.98616  2.56194  4.21001  0.52280  3.25766  4.68508  4.83242  4.48623  4.31854  4.09128  3.88493  2.69289  5.32017  4.12421     65 - -
          2.68618  4.42225  2.77519  2.73123  3.46354  2.40513  3.72494  3.29354  2.67741  2.69355  4.24690  2.90347  2.73739  3.18146  2.89801  2.37887  2.77519  2.98518  4.58477  3.61503
          0.02154  4.24449  4.96684  0.61958  0.77255  0.48576  0.95510
     63   2.97320  5.28963  3.16462  2.00518  4.70752  3.62375  3.67709  4.10070  1.35454  3.54039  4.35598  3.10581  4.01443  2.79628  2.04105  2.93887  3.16677  3.72922  5.60752  4.34515     66 - -
          2.68618  4.42225  2.77519  2.73123  3.46354  2.40513  3.72494  3.29354  2.67741  2.69355  4.24690  2.90347  2.73739  3.18146  2.89801  2.37887  2.77519  2.98518  4.58477  3.61503
          0.02154  4.24449  4.96684  0.61958  0.77255  0.48576  0.95510
     64   2.68237  5.04149  2.85008  1.98723  4.34000  3.42365  3.65523  3.78539  2.21186  3.32947  4.11432  2.24588  3.84445  2.78048  2.88859  2.35305  2.91856  2.80573  5.51469  4.14055     67 - -
          2.68618  4.42225  2.77519  2.73123  3.46354  2.40513  3.72494  3.29354  2.67741  2.69355  4.24690  2.90347  2.73739  3.18146  2.89801  2.37887  2.77519  2.98518  4.58477  3.61503
          0.02154  4.24449  4.96684  0.61958  0.77255  0.48576  0.95510
     65   2.84405  5.09116  1.69494  2.46351  3.65671  3.49124  2.79308  3.78768  2.65560  3.32361  4.18692  2.99356  3.95625  2.95890  3.13164  2.82953  3.08832  3.45757  5.10240  2.31965     68 - -
          2.68618  4.42225  2.77519  2.73123  3.46354  2.40513  3.72494  3.29354  2.67741  2.69355  4.24690  2.90347  2.73739  3.18146  2.89801  2.37887  2.77519  2.98518  4.58477  3.61503
          0.02154  4.24449  4.96684  0.61958  0.77255  0.48576  0.95510
     66   3.26793  4.54117  5.08650  4.55648  3.53304  4.67425  5.15246  1.62892  4.44587  1.49795  3.32380  4.75326  4.91195  4.62742  4.58745  4.04676  3.51269  1.12942  5.53795  4.39165     69 - -
          2.68618  4.42225  2.77519  2.73123  3.46354  2.40513  3.72494  3.29354  2.67741  2.69355  4.24690  2.90347  2.73739  3.18146  2.89801  2.37887  2.77519  2.98518  4.58477  3.61503
          0.02154  4.24449  4.96684  0.61958  0.77255  0.48576  0.95510
     67   2.79406  5.15896  2.84510  1.80016  4.50218  3.46446  3.68880  3.93155  1.71525  3.45091  4.24843  2.95953  3.90406  2.81504  2.76061  2.76787  2.38460  3.55036  5.60247  4.24861     70 - -
          2.68618  4.42225  2.77519  2.73123  3.46354  2.40513  3.72494  3.29354  2.67741  2.69355  4.24690  2.90347  2.73739  3.18146  2.89801  2.37887  2.77519  2.98518  4.58477  3.61503
          0.02154  4.24449  4.96684  0.61958  0.77255  0.48576  0.95510
     68   2.80476  5.33005  1.84805  2.05052  4.64653  3.37952  3.70983  4.13847  2.19436  3.62305  4.39735  2.16589  3.87033  2.83291  3.05887  2.73964  2.70023  3.70869  5.76767  4.32801     71 - -
          2.68618  4.42225  2.77519  2.73123  3.46354  2.40513  3.72494  3.29354  2.67741  2.69355  4.24690  2.90347  2.73739  3.18146  2.89801  2.37887  2.77519  2.98518  4.58477  3.61503
          0.02154  4.24449  4.96684  0.61958  0.77255  0.48576  0.95510
     69   2.74635  5.00792  2.95778  2.47824  4.12388  3.48894  3.14739  3.71267  2.10861  3.26658  4.08315  1.82200  3.90094  2.82792  2.80484  2.74924  2.97446  3.37064  5.36996  3.05358     72 - -
          2.68618  4.42225  2.77519  2.73123  3.46354  2.40513  3.72494  3.29354  2.67741  2.69355  4.24690  2.90347  2.73739  3.18146  2.89801  2.37887  2.77519  2.98518  4.58477  3.61503
          0.02154  4.24449  4.96684  0.61958  0.77255  0.48576  0.95510
     70   1.90595  4.34998  3.47772  3.17577  4.44040  3.10659  4.29002  3.84996  3.24281  3.53021  4.35477  3.38862  1.33239  3.54088  3.58026  2.03068  2.85938  3.31713  5.77004  4.54143     73 - -
          2.68618  4.42225  2.77519  2.73123  3.46354  2.40513  3.72494  3.29354  2.67741  2.69355  4.24690  2.90347  2.73739  3.18146  2.89801  2.37887  2.77519  2.98518  4.58477  3.61503
          0.02154  4.24449  4.96684  0.61958  0.77255  0.48576  0.95510
     71   2.23386  5.23670  0.99807  2.38284  4.77841  3.32111  3.99568  4.19449  3.02383  3.82791  4.70791  2.93299  3.97130  3.18169  3.58041  2.90533  3.28189  3.77531  6.02315  4.58563     74 - -
          2.68618  4.42225  2.77519  2.73123  3.46354  2.40513  3.72494  3.29354  2.67741  2.69355  4.24690  2.90347  2.73739  3.18146  2.89801  2.37887  2.77519  2.98518  4.58477  3.61503
          0.02154  4.24449  4.96684  0.61958  0.77255  0.48576  0.95510
     72   1.89288  4.37437  3.51017  2.96317  3.53398  3.58796  3.90046  2.82396  2.89766  2.23359  2.53575  2.76705  3.99658  3.22125  3.24460  2.85641  2.88491  2.60743  4.99572  3.75780     75 - -
          2.68618  4.42225  2.77519  2.73123  3.46354  2.40513  3.72494  3.29354  2.67741  2.69355  4.24690  2.90347  2.73739  3.18146  2.89801  2.37887  2.77519  2.98518  4.58477  3.61503
          0.02154  4.24449  4.96684  0.61958  0.77255  0.48576  0.95510
     73   2.68218  4.36198  3.61637  3.04708  3.36423  3.65562  3.87167  2.82916  2.88355  2.04211  3.45457  3.41935  4.03657  3.25203  2.74928  2.92169  2.46982  2.62123  4.84692  2.16479     76 - -
          2.68618  4.42225  2.77519  2.73123  3.46354  2.40513  3.72494  3.29354  2.67741  2.69355  4.24690  2.90347  2.73739  3.18146  2.89801  2.37887  2.77519  2.98518  4.58477  3.61503
          0.02154  4.24449  4.96684  0.61958  0.77255  0.48576  0.95510
     74   3.26875  4.68356  4.49042  4.00973  2.79516  4.28616  4.20959  2.63138  3.79692  0.90241  3.26403  4.18348  4.59868  4.03297  3.95126  3.64348  3.50176  2.66998  4.56351  2.33162     77 - -
          2.68618  4.42225  2.77519  2.73123  3.46354  2.40513  3.72494  3.29354  2.67741  2.69355  4.24690  2.90347  2.73739  3.18146  2.89801  2.37887  2.77519  2.98518  4.58477  3.61503
          0.02154  4.24449  4.96684  0.61958  0.77255  0.48576  0.95510
     75   2.73474  4.76327  3.25470  2.70078  4.04189  3.55081  3.77165  2.78637  1.59840  3.00861  3.89493  3.16739  3.96285  2.95084  2.79559  2.81940  2.18426  3.01527  5.32944  4.05262     78 - -
          2.68618  4.42225  2.77519  2.73123  3.46354  2.40513  3.72494  3.29354  2.67741  2.69355  4.24690  2.90347  2.73739  3.18146  2.89801  2.37887  2.77519  2.98518  4.58477  3.61503
          0.02154  4.24449  4.96684  0.61958  0.77255  0.48576  0.95510
     76   3.11238  5.68113  1.95084  0.92962  4.97769  3.35949  3.92080  4.50695  2.94666  4.00407  4.86686  2.82848  3.99021  3.09086  3.54202  2.99031  3.40529  4.07614  6.14018  4.63879     79 - -
          2.68618  4.42225  2.77519  2.73123  3.46354  2.40513  3.72494  3.29354  2.67741  2.69355  4.24690  2.90347  2.73739  3.18146  2.89801  2.37887  2.77519  2.98518  4.58477  3.61503
          0.02154  4.24449  4.96684  0.61958  0.77255  0.48576  0.95510
     77   2.92693  4.65392  3.79069  3.18845  3.75469  3.80142  3.99857  1.72810  2.61530  2.61821  3.69319  3.55145  4.19799  3.26157  1.61240  3.14117  3.16267  2.66718  5.22039  3.98595     80 - -
          2.68618  4.42225  2.77519  2.73123  3.46354  2.40513  3.72494  3.29354  2.67741  2.69355  4.24690  2.90347  2.73739  3.18146  2.89801  2.37887  2.77519  2.98518  4.58477  3.61503
          0.02154  4.24449  4.96684  0.61958  0.77255  0.48576  0.95510
     78   0.93463  4.29953  3.97615  3.62597  4.08280  3.28344  4.51678  2.93052  3.56033  2.97723  4.01829  3.69885  3.99832  3.86162  3.81132  2.73302  2.94732  2.18139  5.62665  4.41656     81 - -
          2.68618  4.42225  2.77519  2.73123  3.46354  2.40513  3.72494  3.29354  2.67741  2.69355  4.24690  2.90347  2.73739  3.18146  2.89801  2.37887  2.77519  2.98518  4.58477  3.61503
          0.02154  4.24449  4.96684  0.61958  0.77255  0.48576  0.95510
     79   2.89295  5.13638  3.22883  2.65202  4.55337  3.59270  3.68956  3.95087  1.43393  3.43893  4.25817  3.12305  3.99118  2.81714  2.08858  2.07623  3.10544  3.58993  5.54411  4.27978     82 - -
          2.68618  4.42225  2.77519  2.73123  3.46354  2.40513  3.72494  3.29354  2.67741  2.69355  4.24690  2.90347  2.73739  3.18146  2.89801  2.37887  2.77519  2.98518  4.58477  3.61503
          0.02154  4.24449  4.96684  0.61958  0.77255  0.48576  0.95510
     80   2.74584  5.24767  2.45968  1.92663  4.57603  3.40145  2.87975  4.05886  1.82851  3.54033  4.30315  2.53368  3.85091  2.77645  2.91576  2.69438  2.98426  3.63183  5.67613  4.26012     83 - -
          2.68618  4.42225  2.77519  2.73123  3.46354  2.40513  3.72494  3.29354  2.67741  2.69355  4.24690  2.90347  2.73739  3.18146  2.89801  2.37887  2.77519  2.98518  4.58477  3.61503
          0.02154  4.24449  4.96684  0.61958  0.77255  0.48576  0.95510
     81   3.58719  4.89150  4.87620  4.48389  0.92442  4.54884  4.12366  2.73133  4.31429  1.71157  3.38994  4.44809  4.83845  4.36553  4.37465  3.95374  3.82875  2.81136  4.29203  2.66025     84 - -
          2.68618  4.42225  2.77519  2.73123  3.46354  2.40513  3.72494  3.29354  2.67741  2.69355  4.24690  2.90347  2.73739  3.18146  2.89801  2.37887  2.77519  2.98518  4.58477  3.61503
          0.02154  4.24449  4.96684  0.61958  0.77255  0.48576  0.95510
     82   2.38962  5.04792  2.41363  2.40020  4.46515  1.70483  3.77986  3.91262  2.22415  3.47220  4.27877  2.93436  3.88386  2.92774  3.09665  2.73896  3.02501  3.51719  5.66716  4.28698     85 - -
          2.68618  4.42225  2.77519  2.73123  3.46354  2.40513  3.72494  3.29354  2.67741  2.69355  4.24690  2.90347  2.73739  3.18146  2.89801  2.37887  2.77519  2.98518  4.58477  3.61503
          0.02154  4.24449  4.96684  0.61958  0.77255  0.48576  0.95510
     83   3.00422  2.77389  4.82787  4.30406  3.64441  4.27173  4.87004  1.73670  4.18125  2.33916  3.50855  4.43187  4.65117  4.41426  4.33710  3.64278  3.27951  0.99038  5.42534  4.21976     86 - -
          2.68620  4.42227  2.77522  2.73126  3.46356  2.40515  3.72497  3.29321  2.67743  2.69357  4.24692  2.90349  2.73742  3.18117  2.89803  2.37889  2.77522  2.98521  4.58479  3.61505
          0.09290  2.50404  4.96684  0.65389  0.73401  0.48576  0.95510
     84   2.63731  4.93337  2.58968  2.41672  4.20461  3.43682  2.90657  3.63964  2.41147  2.83899  4.00107  2.94647  3.83378  2.77237  2.59747  2.34825  2.33579  3.28580  5.41687  4.05964     89 - -
          2.68618  4.42225  2.77519  2.73123  3.46354  2.40513  3.72494  3.29354  2.67741  2.69355  4.24690  2.90347  2.73739  3.18146  2.89801  2.37887  2.77519  2.98518  4.58477  3.61503
          0.02154  4.24449  4.96684  0.61958  0.77255  0.48576  0.95510
     85   2.65364  4.57317  3.24776  2.84808  3.66498  3.43221  3.89736  3.35545  2.84547  3.01256  3.90499  3.25531  1.57073  3.20033  3.21346  2.46695  2.96831  3.05534  5.11129  2.73116     90 - -
          2.68618  4.42225  2.77519  2.73123  3.46354  2.40513  3.72494  3.29354  2.67741  2.69355  4.24690  2.90347  2.73739  3.18146  2.89801  2.37887  2.77519  2.98518  4.58477  3.61503
          0.02154  4.24449  4.96684  0.61958  0.77255  0.48576  0.95510
     86   2.01091  4.45297  3.34958  2.83687  3.80960  3.40214  3.88849  3.19410  2.81517  2.88476  3.75035  3.24153  3.89972  3.14112  3.20469  1.89840  2.33041  2.89935  5.19882  2.92308     91 - -
          2.68618  4.42225  2.77519  2.73123  3.46354  2.40513  3.72494  3.29354  2.67741  2.69355  4.24690  2.90347  2.73739  3.18146  2.89801  2.37887  2.77519  2.98518  4.58477  3.61503
          0.02154  4.24449  4.96684  0.61958  0.77255  0.48576  0.95510
     87   1.79717  2.69338  3.87743  3.42231  4.08426  3.14221  4.30797  3.44105  3.36272  3.17351  4.02872  3.52276  3.84709  3.63448  3.65275  1.54402  2.03750  3.02281  5.49191  4.29813     92 - -
          2.68618  4.42225  2.77519  2.73123  3.46354  2.40513  3.72494  3.29354  2.67741  2.69355  4.24690  2.90347  2.73739  3.18146  2.89801  2.37887  2.77519  2.98518  4.58477  3.61503
          0.02154  4.24449  4.96684  0.61958  0.77255  0.48576  0.95510
     88   3.28693  4.56947  5.10053  4.54237  3.34555  4.64164  5.03626  1.29853  4.42161  1.40386  2.56618  4.72587  4.85152  4.52753  4.51412  3.99751  3.51813  1.76251  5.36040  4.27201     93 - -
          2.68618  4.42225  2.77519  2.73123  3.46354  2.40513  3.72494  3.29354  2.67741  2.69355  4.24690  2.90347  2.73739  3.18146  2.89801  2.37887  2.77519  2.98518  4.58477  3.61503
          0.02154  4.24449  4.96684  0.61958  0.77255  0.48576  0.95510
     89   2.63577  3.08446  3.83158  3.25731  2.68364  3.68459  2.93229  2.66047  3.16922  2.38987  3.30589  3.55368  4.05690  3.42845  2.92372  2.67921  2.86739  2.45722  3.26943  2.91507     94 - -
          2.68618  4.42225  2.77519  2.73123  3.46354  2.40513  3.72494  3.29354  2.67741  2.69355  4.24690  2.90347  2.73739  3.18146  2.89801  2.37887  2.77519  2.98518  4.58477  3.61503
          0.02154  4.24449  4.96684  0.61958  0.77255  0.48576  0.95510
     90   3.04557  4.78748  3.57551  3.15375  2.67661  3.83552  2.64305  3.40180  3.06446  2.95303  3.95040  3.49473  4.24871  3.40740  3.37672  2.56810  3.29004  3.17889  4.28328  1.27595     95 - -
          2.68618  4.42225  2.77519  2.73123  3.46354  2.40513  3.72494  3.29354  2.67741  2.69355  4.24690  2.90347  2.73739  3.18146  2.89801  2.37887  2.77519  2.98518  4.58477  3.61503
          0.02154  4.24449  4.96684  0.61958  0.77255  0.48576  0.95510
     91   1.61786  4.93934  3.00074  2.55999  4.30359  3.47079  3.74487  3.70588  2.16284  3.28610  4.11739  3.05523  3.92541  2.18682  2.78535  2.78427  3.00915  3.36348  5.49121  4.18147     96 - -
          2.68618  4.42225  2.77519  2.73123  3.46354  2.40513  3.72494  3.29354  2.67741  2.69355  4.24690  2.90347  2.73739  3.18146  2.89801  2.37887  2.77519  2.98518  4.58477  3.61503
          0.02154  4.24449  4.96684  0.61958  0.77255  0.48576  0.95510
     92   2.91530  3.00764  4.65601  4.06420  2.23529  4.09200  4.39048  2.36759  3.90341  1.33488  2.45577  4.17635  4.40236  4.03019  3.97809  3.40701  3.14384  2.33128  4.84352  3.67331     97 - -
          2.68618  4.42225  2.77519  2.73123  3.46354  2.40513  3.72494  3.29354  2.67741  2.69355  4.24690  2.90347  2.73739  3.18146  2.89801  2.37887  2.77519  2.98518  4.58477  3.61503
          0.02154  4.24449  4.96684  0.61958  0.77255  0.48576  0.95510
     93   2.89623  5.00133  3.33076  2.72823  3.94051  3.64972  2.79463  3.68413  1.31856  3.22423  4.08557  3.18481  4.02385  2.88155  2.53518  2.92556  3.09979  3.38332  3.44040  3.82216     98 - -
          2.68618  4.42225  2.77519  2.73123  3.46354  2.40513  3.72494  3.29354  2.67741  2.69355  4.24690  2.90347  2.73739  3.18146  2.89801  2.37887  2.77519  2.98518  4.58477  3.61503
          0.02154  4.24449  4.96684  0.61958  0.77255  0.48576  0.95510
     94   2.07260  5.07682  3.25607  2.67208  4.48159  3.59018  3.70006  3.86298  1.43862  3.38116  4.20911  3.13769  3.99054  2.83386  2.12391  2.88450  3.09139  3.51649  5.51297  4.25338     99 - -
          2.68618  4.42225  2.77519  2.73123  3.46354  2.40513  3.72494  3.29354  2.67741  2.69355  4.24690  2.90347  2.73739  3.18146  2.89801  2.37887  2.77519  2.98518  4.58477  3.61503
          0.09290  4.24449  2.59862  0.61958  0.77255  0.48576  0.95510
     95   3.32390  4.72046  4.71338  4.18272  3.15168  4.45882  4.77048  2.31288  3.95392  1.36064  1.27590  4.45464  4.71543  4.18909  4.11015  3.82894  3.56276  2.42238  5.18302  4.03863    100 - -
          2.68618  4.42225  2.77519  2.73123  3.46354  2.40513  3.72494  3.29354  2.67741  2.69355  4.24690  2.90347  2.73739  3.18146  2.89801  2.37887  2.77519  2.98518  4.58477  3.61503
          0.02311  4.17470  4.89705  0.61958  0.77255  0.57130  0.83193
     96   2.85433  4.99479  3.02455  2.67156  4.55025  1.93475  3.84305  3.98189  1.34143  3.52444  4.37005  3.13767  3.97642  3.00410  2.73886  2.88349  3.14314  3.59383  5.62959  4.36758    101 - -
          2.68618  4.42225  2.77519  2.73123  3.46354  2.40513  3.72494  3.29354  2.67741  2.69355  4.24690  2.90347  2.73739  3.18146  2.89801  2.37887  2.77519  2.98518  4.58477  3.61503
          0.02311  4.17470  4.89705  0.61958  0.77255  0.57130  0.83193
     97   2.90385  4.29910  4.48339  3.91189  3.17319  4.08555  4.36431  1.50705  3.77272  1.73140  3.17276  4.09441  4.40560  3.96739  3.92108  3.39728  3.13681  1.95506  4.89010  2.63322    102 - -
          2.68618  4.42225  2.77519  2.73123  3.46354  2.40513  3.72494  3.29354  2.67741  2.69355  4.24690  2.90347  2.73739  3.18146  2.89801  2.37887  2.77519  2.98518  4.58477  3.61503
          0.02311  4.17470  4.89705  0.61958  0.77255  0.43577  1.04063
     98   2.55820  4.52691  3.22365  2.97001  4.30381  3.24322  4.15347  3.67628  3.03443  3.40655  4.28237  2.56546  3.91639  3.39864  3.37519  2.70021  1.06193  3.26181  5.64606  4.36414    103 - -
          2.68618  4.42225  2.77519  2.73123  3.46354  2.40513  3.72494  3.29354  2.67741  2.69355  4.24690  2.90347  2.73739  3.18146  2.89801  2.37887  2.77519  2.98518  4.58477  3.61503
          0.02154  4.24449  4.96684  0.61958  0.77255  0.48576  0.95510
     99   3.01834  5.00555  3.59970  2.91634  4.27333  3.75094  3.74348  3.62089  1.96541  2.20674  4.08016  3.31920  4.11120  2.90938  1.34837  3.07771  3.20288  3.36264  5.38185  4.17759    104 - -
          2.68618  4.42225  2.77519  2.73123  3.46354  2.40513  3.72494  3.29354  2.67741  2.69355  4.24690  2.90347  2.73739  3.18146  2.89801  2.37887  2.77519  2.98518  4.58477  3.61503
          0.02154  4.24449  4.96684  0.61958  0.77255  0.48576  0.95510
    100   3.09607  5.34677  3.01227  2.25338  4.76484  3.62184  3.77100  4.15065  1.01118  3.61966  4.47745  3.13348  4.07611  2.91054  2.48214  3.05881  3.30441  3.80021  5.68803  4.43671    105 - -
          2.68618  4.42225  2.77519  2.73123  3.46354  2.40513  3.72494  3.29354  2.67741  2.69355  4.24690  2.90347  2.73739  3.18146  2.89801  2.37887  2.77519  2.98518  4.58477  3.61503
          0.02154  4.24449  4.96684  0.61958  0.77255  0.48576  0.95510
    101   3.36062  5.30071  3.55900  3.13074  4.77484  3.78930  4.02903  4.23301  0.62097  3.72384  4.68066  3.53232  4.27595  3.21038  2.58210  3.38743  3.59333  3.92555  5.68624  4.56206    106 - -
          2.68618  4.42225  2.77519  2.73123  3.46354  2.40513  3.72494  3.29354  2.67741  2.69355  4.24690  2.90347  2.73739  3.18146  2.89801  2.37887  2.77519  2.98518  4.58477  3.61503
          0.09290  4.24449  2.59862  0.61958  0.77255  0.48576  0.95510
    102   2.76746  5.11364  3.01997  2.47470  4.46441  3.49632  3.62610  3.89067  2.01112  3.38640  4.17841  2.14883  3.89014  2.49881  2.07727  2.74790  2.67652  3.51325  5.51546  4.19271    107 - -
          2.68618  4.42225  2.77519  2.73123  3.46354  2.40513  3.72494  3.29354  2.67741  2.69355  4.24690  2.90347  2.73739  3.18146  2.89801  2.37887  2.77519  2.98518  4.58477  3.61503
          0.02311  4.17470  4.89705  0.61958  0.77255  0.57130  0.83193
    103   2.43462  4.90386  2.55043  2.39695  4.17318  3.41509  3.19291  3.60663  2.40672  2.88992  3.97345  2.62963  3.09062  2.75813  2.88102  2.46648  2.84758  2.94151  5.39324  4.03594    108 - -
          2.68618  4.42225  2.77519  2.73123  3.46354  2.40513  3.72494  3.29354  2.67741  2.69355  4.24690  2.90347  2.73739  3.18146  2.89801  2.37887  2.77519  2.98518  4.58477  3.61503
          0.19594  4.17470  1.81673  0.61958  0.77255  0.57130  0.83193
    104   2.69839  4.35494  3.63435  3.11719  3.04683  3.64331  3.83061  2.72710  2.98944  2.18944  3.43774  3.45257  4.05163  3.32660  3.28240  2.94248  2.30870  2.54621  4.61716  2.03215    109 - -
          2.68618  4.42225  2.77519  2.73123  3.46354  2.40513  3.72494  3.29354  2.67741  2.69355  4.24690  2.90347  2.73739  3.18146  2.89801  2.37887  2.77519  2.98518  4.58477  3.61503
          0.02741  4.00618  4.72853  0.61958  0.77255  0.73332  0.65453
    105   2.91261  4.33503  4.28039  3.74659  1.93707  3.97297  3.87795  2.55138  3.61973  1.89176  3.24817  3.87603  4.30527  3.78247  3.77539  3.27786  3.14153  2.10748  4.25483  2.11620    110 - -
          2.68618  4.42225  2.77519  2.73123  3.46354  2.40513  3.72494  3.29354  2.67741  2.69355  4.24690  2.90347  2.73739  3.18146  2.89801  2.37887  2.77519  2.98518  4.58477  3.61503
          0.02741  4.00618  4.72853  0.61958  0.77255  0.73332  0.65453
    106   2.56503  4.33552  3.35689  2.80576  3.47747  3.51001  3.76913  2.34788  2.74072  2.55096  3.44561  3.22637  3.90177  2.76508  3.10042  2.52427  2.42225  2.60684  4.91101  3.14743    111 - -
          2.68618  4.42225  2.77519  2.73123  3.46354  2.40513  3.72494  3.29354  2.67741  2.69355  4.24690  2.90347  2.73739  3.18146  2.89801  2.37887  2.77519  2.98518  4.58477  3.61503
          0.02741  4.00618  4.72853  0.61958  0.77255  0.73332  0.65453
    107   2.82984  5.14907  2.90009  1.81299  4.51655  3.46893  3.60602  3.92695  1.72885  3.40880  4.22565  2.95698  3.89013  2.73354  2.20993  2.79966  3.04107  3.56082  5.51789  4.21970    112 - -
          2.68618  4.42225  2.77519  2.73123  3.46354  2.40513  3.72494  3.29354  2.67741  2.69355  4.24690  2.90347  2.73739  3.18146  2.89801  2.37887  2.77519  2.98518  4.58477  3.61503
          0.02741  4.00618  4.72853  0.61958  0.77255  0.73332  0.65453
    108   2.87731  5.16230  3.12246  2.29037  4.56577  3.54478  3.58392  3.95280  1.58990  3.40664  4.22660  3.03086  3.92704  2.39992  1.92682  2.85139  3.06829  3.59327  5.48569  4.23128    113 - -
          2.68618  4.42225  2.77519  2.73123  3.46354  2.40513  3.72494  3.29354  2.67741  2.69355  4.24690  2.90347  2.73739  3.18146  2.89801  2.37887  2.77519  2.98518  4.58477  3.61503
          0.02741  4.00618  4.72853  0.61958  0.77255  0.73332  0.65453
    109   2.88707  5.42870  1.77693  1.45354  4.73810  2.67275  3.74066  4.24581  2.71681  3.74585  4.57568  2.70472  3.83282  2.89784  3.29450  2.78784  3.16820  3.81852  5.90713  4.42159    114 - -
          2.68618  4.42225  2.77519  2.73123  3.46354  2.40513  3.72494  3.29354  2.67741  2.69355  4.24690  2.90347  2.73739  3.18146  2.89801  2.37887  2.77519  2.98518  4.58477  3.61503
          0.02741  4.00618  4.72853  0.61958  0.77255  0.73332  0.65453
    110   2.53476  3.33671  3.76206  3.19929  3.31273  3.54941  3.94866  2.54942  3.11234  2.34782  2.44683  3.49095  3.25255  3.38488  3.38380  2.84516  2.44689  2.16179  4.81537  3.60923    115 - -
          2.68618  4.42225  2.77519  2.73123  3.46354  2.40513  3.72494  3.29354  2.67741  2.69355  4.24690  2.90347  2.73739  3.18146  2.89801  2.37887  2.77519  2.98518  4.58477  3.61503
          0.02741  4.00618  4.72853  0.61958  0.77255  0.59779  0.79857
    111   2.67947  5.02525  2.87185  2.20670  4.34554  2.88434  3.61118  3.78400  2.29931  3.31165  4.10137  2.91071  2.90759  2.49935  2.14057  2.66585  2.90961  3.40889  5.47736  4.12482    116 - -
          2.68618  4.42225  2.77519  2.73123  3.46354  2.40513  3.72494  3.29354  2.67741  2.69355  4.24690  2.90347  2.73739  3.18146  2.89801  2.37887  2.77519  2.98518  4.58477  3.61503
          0.02523  4.08827  4.81061  0.61958  0.77255  0.55290  0.85633
    112   2.76526  4.92447  3.20247  2.60825  4.24944  3.53433  3.66154  3.61770  1.53260  3.19491  4.02994  3.08376  3.92441  2.80667  2.25832  2.79571  2.58224  2.87082  5.38735  4.11243    117 - -
          2.68607  4.42229  2.77524  2.73127  3.46358  2.40517  3.72499  3.29358  2.67745  2.69359  4.24694  2.90351  2.73744  3.18151  2.89787  2.37891  2.77503  2.98502  4.58481  3.61507
          0.45460  1.33672  2.27697  0.20347  1.69224  0.60027  0.79554
    113   1.95806  4.50528  3.03026  2.64786  4.22533  3.16373  3.86690  3.65217  2.73067  3.27521  4.09025  2.50466  2.46687  3.05289  3.15494  2.04537  2.80433  3.21873  5.50695  4.20737    119 - -
          2.68618  4.42225  2.77519  2.73123  3.46354  2.40513  3.72494  3.29354  2.67741  2.69355  4.24690  2.90347  2.73739  3.18146  2.89801  2.37887  2.77519  2.98518  4.58477  3.61503
          0.02626  4.04870  4.77105  0.61958  0.77255  0.69728  0.68903
    114   2.64461  4.81157  2.97626  1.96262  4.07215  3.42939  3.64304  3.45652  2.37496  2.74352  3.90490  2.97606  3.83933  2.79961  2.52980  2.68136  2.33413  3.14391  5.31758  4.00075    120 - -
          2.68618  4.42225  2.77519  2.73123  3.46354  2.40513  3.72494  3.29354  2.67741  2.69355  4.24690  2.90347  2.73739  3.18146  2.89801  2.37887  2.77519  2.98518  4.58477  3.61503
          0.02626  4.04870  4.77105  0.61958  0.77255  0.69728  0.68903
    115   2.65889  4.15368  4.00999  3.42971  2.73805  3.74872  4.01491  2.27177  3.32107  1.87081  2.41792  3.68110  4.10189  3.08606  3.53079  3.03156  2.88875  2.35123  4.69473  2.99339    121 - -
          2.68618  4.42225  2.77519  2.73123  3.46354  2.40513  3.72494  3.29354  2.67741  2.69355  4.24690  2.90347  2.73739  3.18146  2.89801  2.37887  2.77519  2.98518  4.58477  3.61503
          0.02626  4.04870  4.77105  0.61958  0.77255  0.69728  0.68903
    116   2.63590  4.81314  2.87371  2.44431  4.10149  3.37593  3.67140  3.54127  2.44845  2.76356  3.96901  2.17010  3.82803  2.55142  2.87302  2.16869  2.89021  3.20746  5.35898  4.02096    122 - -
          2.68618  4.42225  2.77519  2.73123  3.46354  2.40513  3.72494  3.29354  2.67741  2.69355  4.24690  2.90347  2.73739  3.18146  2.89801  2.37887  2.77519  2.98518  4.58477  3.61503
          0.02626  4.04870  4.77105  0.61958  0.77255  0.37312  1.16662
    117   2.66186  4.79022  3.11006  2.57448  4.10338  2.79847  3.72234  3.08916  1.74296  3.11094  3.94239  3.06513  3.88930  2.88464  2.86427  2.71711  2.25874  3.16154  5.36014  4.05333    123 - -
          2.68618  4.42225  2.77519  2.73123  3.46354  2.40513  3.72494  3.29354  2.67741  2.69355  4.24690  2.90347  2.73739  3.18146  2.89801  2.37887  2.77519  2.98518  4.58477  3.61503
          0.02154  4.24449  4.96684  0.61958  0.77255  0.48576  0.95510
    118   2.63256  4.36544  3.49978  2.93887  3.52930  3.59912  3.87458  2.32608  2.86865  2.58156  3.48528  2.69184  3.99044  3.19411  2.91772  2.85415  2.36724  2.03453  4.97552  3.73897    124 - -
          2.68618  4.42225  2.77519  2.73123  3.46354  2.40513  3.72494  3.29354  2.67741  2.69355  4.24690  2.90347  2.73739  3.18146  2.89801  2.37887  2.77519  2.98518  4.58477  3.61503
          0.02154  4.24449  4.96684  0.61958  0.77255  0.48576  0.95510
    119   2.65098  4.84518  3.05250  2.28534  3.46025  3.47407  2.97732  3.50282  2.28877  2.42740  3.91605  3.00426  3.86206  2.54252  2.50944  2.68443  2.87915  3.18119  5.33548  4.00844    125 - -
          2.68618  4.42225  2.77519  2.73123  3.46354  2.40513  3.72494  3.29354  2.67741  2.69355  4.24690  2.90347  2.73739  3.18146  2.89801  2.37887  2.77519  2.98518  4.58477  3.61503
          0.02154  4.24449  4.96684  0.61958  0.77255  0.48576  0.95510
    120   2.32456  3.61168  2.99864  2.30252  4.14636  3.43646  3.66882  3.56920  2.11858  3.15847  3.96368  2.72215  3.84452  2.81218  2.90826  2.10548  2.87106  3.22782  5.38589  4.04503    126 - -
          2.68618  4.42225  2.77519  2.73123  3.46354  2.40513  3.72494  3.29354  2.67741  2.69355  4.24690  2.90347  2.73739  3.18146  2.89801  2.37887  2.77519  2.98518  4.58477  3.61503
          0.01455  4.23750        *  0.61958  0.77255  0.00000        *
//
