HMMER3/b [3.0b2 | June 2009]
NAME  Transposase_5
ACC   PF01498.11
DESC  Transposase
LENG  72
ALPH  amino
RF    no
CS    no
MAP   yes
DATE  Wed Sep 23 02:50:09 2009
NSEQ  28
EFFN  5.779785
CKSUM 4165413220
GA    23.20 23.20;
TC    23.20 23.20;
NC    22.90 23.10;
BM    hmmbuild HMM.ann SEED.ann
SM    hmmsearch -Z 9421015 -E 1000 HMM pfamseq
STATS LOCAL MSV       -8.6838  0.71870
STATS LOCAL VITERBI   -9.0941  0.71870
STATS LOCAL FORWARD   -3.8871  0.71870
HMM          A        C        D        E        F        G        H        I        K        L        M        N        P        Q        R        S        T        V        W        Y   
            m->m     m->i     m->d     i->m     i->i     d->m     d->d
  COMPO   2.53525  4.49799  3.16871  2.79147  3.66496  3.22080  3.48257  2.86826  2.44648  2.40811  3.89863  3.07966  3.24086  3.04432  2.39065  2.60608  2.73757  2.80051  4.65777  3.76317
          2.68618  4.42225  2.77519  2.73123  3.46354  2.40513  3.72494  3.29354  2.67741  2.69355  4.24690  2.90347  2.73739  3.18146  2.89801  2.37887  2.77519  2.98518  4.58477  3.61503
          0.00626  5.47206  6.19440  0.61958  0.77255  0.00000        *
      1   2.84604  3.49488  1.90531  2.46482  4.94418  3.87423  3.38626  3.11724  1.72318  3.90613  4.64378  2.83608  4.26763  2.91865  2.21434  3.06312  3.33049  3.41299  6.03677  4.62788      1 - -
          2.68618  4.42225  2.77519  2.73123  3.46354  2.40513  3.72494  3.29354  2.67741  2.69355  4.24690  2.90347  2.73739  3.18146  2.89801  2.37887  2.77519  2.98518  4.58477  3.61503
          0.00626  5.47206  6.19440  0.61958  0.77255  0.48576  0.95510
      2   2.60318  5.62642  2.48030  2.87954  4.96682  3.94048  4.11909  4.43193  2.36493  3.11163  4.67851  3.41802  4.33615  3.22398  1.02939  2.59840  3.40511  4.01669  6.05974  4.67551      2 - -
          2.68618  4.42225  2.77519  2.73123  3.46354  2.40513  3.72494  3.29354  2.67741  2.69355  4.24690  2.90347  2.73739  3.18146  2.89801  2.37887  2.77519  2.98518  4.58477  3.61503
          0.00626  5.47206  6.19440  0.61958  0.77255  0.48576  0.95510
      3   2.01523  5.58895  3.37246  2.46728  4.92343  3.88779  4.07270  4.39921  2.42494  3.88794  3.28481  2.24606  4.28046  2.57152  1.81474  3.07893  3.34126  3.97404  6.02636  2.54103      3 - -
          2.68618  4.42225  2.77519  2.73123  3.46354  2.40513  3.72494  3.29354  2.67741  2.69355  4.24690  2.90347  2.73739  3.18146  2.89801  2.37887  2.77519  2.98518  4.58477  3.61503
          0.00626  5.47206  6.19440  0.61958  0.77255  0.48576  0.95510
      4   4.32906  5.48184  6.48888  6.03760  4.58692  6.05654  6.83793  0.66408  6.01537  1.56097  4.27968  6.23359  6.16026  6.15708  6.13909  5.53073  4.58105  1.62195  6.89208  5.77586      4 - -
          2.68618  4.42225  2.77519  2.73123  3.46354  2.40513  3.72494  3.29354  2.67741  2.69355  4.24690  2.90347  2.73739  3.18146  2.89801  2.37887  2.77519  2.98518  4.58477  3.61503
          0.00626  5.47206  6.19440  0.61958  0.77255  0.48576  0.95510
      5   2.70053  4.56365  5.00931  4.40207  3.65754  4.32457  4.65138  1.72404  3.36051  1.56978  2.86869  4.44538  4.68941  3.39806  3.37666  3.63040  3.40124  1.83691  5.18356  2.75372      5 - -
          2.68618  4.42225  2.77519  2.73123  3.46354  2.40513  3.72494  3.29354  2.67741  2.69355  4.24690  2.90347  2.73739  3.18146  2.89801  2.37887  2.77519  2.98518  4.58477  3.61503
          0.00626  5.47206  6.19440  0.61958  0.77255  0.48576  0.95510
      6   2.68323  5.56860  3.38645  2.58629  4.89430  3.04988  4.07977  3.47299  2.31244  2.63165  4.61526  3.37132  4.28710  2.00586  1.49625  2.78761  3.34464  3.94898  6.01104  4.61729      6 - -
          2.68618  4.42225  2.77519  2.73123  3.46354  2.40513  3.72494  3.29354  2.67741  2.69355  4.24690  2.90347  2.73739  3.18146  2.89801  2.37887  2.77519  2.98518  4.58477  3.61503
          0.05255  5.47206  3.05772  0.61958  0.77255  0.48576  0.95510
      7   2.84275  3.57866  3.49425  2.62575  3.92945  4.11215  4.37165  2.26103  2.14113  1.96476  3.26607  3.87654  4.49024  3.15442  3.77406  3.06016  2.96739  2.05186  5.38554  3.40106      7 - -
          2.68618  4.42225  2.77519  2.73123  3.46354  2.40513  3.72494  3.29354  2.67741  2.69355  4.24690  2.90347  2.73739  3.18146  2.89801  2.37887  2.77519  2.98518  4.58477  3.61503
          0.00656  5.42606  6.14841  0.61958  0.77255  0.38534  1.14011
      8   1.81546  3.70604  5.19492  4.59244  3.76249  4.45140  4.80766  1.82082  4.39569  2.31455  3.76993  4.60402  4.81435  4.54184  4.42755  2.89996  2.95974  1.24023  5.31326  4.13372      8 - -
          2.68618  4.42225  2.77519  2.73123  3.46354  2.40513  3.72494  3.29354  2.67741  2.69355  4.24690  2.90347  2.73739  3.18146  2.89801  2.37887  2.77519  2.98518  4.58477  3.61503
          0.00626  5.47206  6.19440  0.61958  0.77255  0.48576  0.95510
      9   2.20276  5.62911  2.30452  2.81222  4.97598  3.89116  4.07648  4.45918  2.15448  3.93251  4.67095  2.96236  4.28619  2.71955  1.40424  3.08588  2.61965  4.02107  6.05823  4.65169      9 - -
          2.68618  4.42225  2.77519  2.73123  3.46354  2.40513  3.72494  3.29354  2.67741  2.69355  4.24690  2.90347  2.73739  3.18146  2.89801  2.37887  2.77519  2.98518  4.58477  3.61503
          0.00626  5.47206  6.19440  0.61958  0.77255  0.48576  0.95510
     10   2.08042  5.61208  3.03255  1.84003  4.95812  3.87249  3.19741  4.44470  1.95040  3.91771  4.65253  2.77479  4.26607  2.81438  2.30131  2.36385  3.33046  3.38207  6.04411  4.63267     10 - -
          2.68618  4.42225  2.77519  2.73123  3.46354  2.40513  3.72494  3.29354  2.67741  2.69355  4.24690  2.90347  2.73739  3.18146  2.89801  2.37887  2.77519  2.98518  4.58477  3.61503
          0.00626  5.47206  6.19440  0.61958  0.77255  0.48576  0.95510
     11   2.78100  5.65326  1.55589  2.54741  4.99581  3.89152  4.09435  4.48285  2.83834  3.95732  4.69607  1.60247  4.29601  2.66707  2.57852  2.76162  3.37239  4.04284  6.08582  3.66386     11 - -
          2.68618  4.42225  2.77519  2.73123  3.46354  2.40513  3.72494  3.29354  2.67741  2.69355  4.24690  2.90347  2.73739  3.18146  2.89801  2.37887  2.77519  2.98518  4.58477  3.61503
          0.00626  5.47206  6.19440  0.61958  0.77255  0.48576  0.95510
     12   3.64712  5.62755  4.59662  4.19614  5.82089  4.28095  5.06656  5.26988  3.46411  4.77048  5.61182  4.41405  0.63054  4.25177  1.50469  2.77973  4.07675  4.69143  6.80024  5.66047     12 - -
          2.68618  4.42225  2.77519  2.73123  3.46354  2.40513  3.72494  3.29354  2.67741  2.69355  4.24690  2.90347  2.73739  3.18146  2.89801  2.37887  2.77519  2.98518  4.58477  3.61503
          0.00626  5.47206  6.19440  0.61958  0.77255  0.48576  0.95510
     13   3.10536  3.55669  3.42585  2.59968  3.19616  3.90700  2.65751  4.17923  2.19216  3.73026  3.02017  3.40414  4.29867  2.69403  1.82724  2.63161  2.49655  3.80878  5.92363  3.36784     13 - -
          2.68636  4.42243  2.77537  2.73049  3.46372  2.40464  3.72512  3.29372  2.67759  2.69373  4.24708  2.90365  2.73757  3.18164  2.89710  2.37905  2.77537  2.98536  4.58495  3.61521
          0.10206  2.35407  6.19440  1.01726  0.44876  0.48576  0.95510
     14   2.21683  4.89197  3.96469  3.39830  4.03402  4.10388  4.35205  1.86865  2.26548  2.60258  3.09598  3.81817  4.48421  3.00966  2.79571  2.91415  2.11997  2.66051  5.46928  4.22875     17 - -
          2.68618  4.42225  2.77519  2.73123  3.46354  2.40513  3.72494  3.29354  2.67741  2.69355  4.24690  2.90347  2.73739  3.18146  2.89801  2.37887  2.77519  2.98518  4.58477  3.61503
          0.00626  5.47206  6.19440  0.61958  0.77255  0.48576  0.95510
     15   2.73591  5.26206  4.34871  3.95659  5.42278  3.12379  5.08991  4.87911  3.99429  4.49860  5.28116  4.20805  4.68599  3.20316  4.37459  1.16091  0.93831  4.28477  6.69575  5.44861     18 - -
          2.68618  4.42225  2.77519  2.73123  3.46354  2.40513  3.72494  3.29354  2.67741  2.69355  4.24690  2.90347  2.73739  3.18146  2.89801  2.37887  2.77519  2.98518  4.58477  3.61503
          0.00626  5.47206  6.19440  0.61958  0.77255  0.48576  0.95510
     16   1.75175  2.47775  4.90398  4.30298  3.13834  4.30882  4.62975  2.67654  3.35137  1.54574  3.69695  4.39363  3.22199  4.30793  3.52160  2.70543  3.39829  2.82880  3.81198  3.30779     19 - -
          2.68618  4.42225  2.77519  2.73123  3.46354  2.40513  3.72494  3.29354  2.67741  2.69355  4.24690  2.90347  2.73739  3.18146  2.89801  2.37887  2.77519  2.98518  4.58477  3.61503
          0.00626  5.47206  6.19440  0.61958  0.77255  0.48576  0.95510
     17   2.49817  5.59710  3.06625  2.44804  4.93676  3.87550  4.06293  4.41875  2.25162  3.89997  3.58548  3.34510  3.55634  2.34297  1.70056  3.06461  2.08694  3.09502  6.03294  4.62552     20 - -
          2.68618  4.42225  2.77519  2.73123  3.46354  2.40513  3.72494  3.29354  2.67741  2.69355  4.24690  2.90347  2.73739  3.18146  2.89801  2.37887  2.77519  2.98518  4.58477  3.61503
          0.00626  5.47206  6.19440  0.61958  0.77255  0.48576  0.95510
     18   2.35014  5.60916  1.83343  1.96702  3.45036  3.87267  4.05984  4.43985  2.27973  3.91434  3.58998  2.86009  4.26621  2.82707  2.45754  2.43689  3.33014  3.99969  6.04195  4.63111     21 - -
          2.68618  4.42225  2.77519  2.73123  3.46354  2.40513  3.72494  3.29354  2.67741  2.69355  4.24690  2.90347  2.73739  3.18146  2.89801  2.37887  2.77519  2.98518  4.58477  3.61503
          0.00626  5.47206  6.19440  0.61958  0.77255  0.48576  0.95510
     19   3.00831  5.41754  6.26499  5.74084  4.27314  5.68862  6.20762  1.13755  5.63206  0.81011  4.02778  5.86809  5.85881  5.69112  5.67022  5.09094  4.44041  2.32408  6.38906  5.31313     22 - -
          2.68618  4.42225  2.77519  2.73123  3.46354  2.40513  3.72494  3.29354  2.67741  2.69355  4.24690  2.90347  2.73739  3.18146  2.89801  2.37887  2.77519  2.98518  4.58477  3.61503
          0.00626  5.47206  6.19440  0.61958  0.77255  0.48576  0.95510
     20   1.85634  5.43321  3.43584  2.41895  4.70970  3.91114  4.10717  2.99969  2.42448  3.29268  4.49263  3.41229  4.30260  1.95681  2.82635  2.47369  2.98987  2.69704  5.90926  3.37263     23 - -
          2.68618  4.42225  2.77519  2.73123  3.46354  2.40513  3.72494  3.29354  2.67741  2.69355  4.24690  2.90347  2.73739  3.18146  2.89801  2.37887  2.77519  2.98518  4.58477  3.61503
          0.00626  5.47206  6.19440  0.61958  0.77255  0.48576  0.95510
     21   2.43762  5.46245  3.41946  2.02210  4.74921  3.90412  4.09850  3.42419  2.86119  2.41713  3.41712  1.93918  4.29596  2.64610  2.45655  2.48738  3.33576  3.21480  5.93170  4.55902     24 - -
          2.68618  4.42225  2.77519  2.73123  3.46354  2.40513  3.72494  3.29354  2.67741  2.69355  4.24690  2.90347  2.73739  3.18146  2.89801  2.37887  2.77519  2.98518  4.58477  3.61503
          0.06935  5.47206  2.76779  0.61958  0.77255  0.48576  0.95510
     22   2.75294  5.57241  2.30354  1.43395  4.91533  3.84096  3.42460  3.75124  2.45781  3.87674  4.61367  3.30923  4.23457  2.83125  2.86151  2.17839  3.29798  2.76156  6.00632  4.59665     25 - -
          2.68618  4.42225  2.77519  2.73123  3.46354  2.40513  3.72494  3.29354  2.67741  2.69355  4.24690  2.90347  2.73739  3.18146  2.89801  2.37887  2.77519  2.98518  4.58477  3.61503
          0.00667  5.40937  6.13172  0.61958  0.77255  0.72847  0.65903
     23   2.74451  4.51490  5.06622  4.45333  2.89169  4.30156  4.63370  2.51691  4.24565  1.22544  3.63185  4.45321  4.66530  4.38296  4.26554  2.34382  2.50592  1.99030  3.43939  3.96015     26 - -
          2.68618  4.42225  2.77519  2.73123  3.46354  2.40513  3.72494  3.29354  2.67741  2.69355  4.24690  2.90347  2.73739  3.18146  2.89801  2.37887  2.77519  2.98518  4.58477  3.61503
          0.31152  5.40937  1.33487  0.61958  0.77255  0.72847  0.65903
     24   2.35647  5.40703  3.18390  2.62887  4.74143  3.70244  3.16722  4.21886  1.99752  3.70759  4.45145  2.52589  4.09599  2.01069  3.11674  1.98017  2.85673  3.21610  5.84653  4.44350     27 - -
          2.68618  4.42225  2.77519  2.73123  3.46354  2.40513  3.72494  3.29354  2.67741  2.69355  4.24690  2.90347  2.73739  3.18146  2.89801  2.37887  2.77519  2.98518  4.58477  3.61503
          0.00904  5.10689  5.82923  0.61958  0.77255  1.35414  0.29863
     25   2.64543  5.43745  2.81933  1.97538  4.78233  3.69667  2.65635  4.26852  2.62182  3.74261  4.47839  2.24962  4.09173  2.16258  2.81364  2.32857  2.65265  3.82803  5.87001  4.45856     28 - -
          2.68618  4.42225  2.77519  2.73123  3.46354  2.40513  3.72494  3.29354  2.67741  2.69355  4.24690  2.90347  2.73739  3.18146  2.89801  2.37887  2.77519  2.98518  4.58477  3.61503
          0.00904  5.10689  5.82923  0.61958  0.77255  1.35414  0.29863
     26   2.22869  5.39043  2.79391  2.13981  4.71808  3.70256  3.89161  4.19192  2.63342  3.16703  4.43577  3.17703  2.62613  2.55047  2.49760  2.56333  2.48017  2.74869  5.83373  4.43355     29 - -
          2.68643  4.42078  2.77545  2.73124  3.46379  2.40538  3.72430  3.29217  2.67766  2.69337  4.24588  2.90295  2.73765  3.18171  2.89826  2.37888  2.77510  2.98543  4.58502  3.61528
          0.81336  0.59114  5.82923  0.04866  3.04720  0.17610  1.82348
     27   3.27586  5.73842  3.32778  2.36339  5.06296  1.04918  4.21034  4.53402  2.73458  4.03076  3.09641  2.15901  4.40486  2.75896  3.43885  3.23670  3.51154  4.12036  6.17735  4.77662     31 - -
          2.68618  4.42225  2.77519  2.73123  3.46354  2.40513  3.72494  3.29354  2.67741  2.69355  4.24690  2.90347  2.73739  3.18146  2.89801  2.37887  2.77519  2.98518  4.58477  3.61503
          0.00626  5.47206  6.19440  0.61958  0.77255  0.48576  0.95510
     28   3.11815  5.18195  3.24202  2.60482  3.52824  3.98302  3.19954  2.41043  1.90950  2.21961  4.26341  3.55416  3.30065  3.38214  3.48528  2.62018  2.32852  2.63255  5.71054  4.40637     32 - -
          2.68618  4.42225  2.77519  2.73123  3.46354  2.40513  3.72494  3.29354  2.67741  2.69355  4.24690  2.90347  2.73739  3.18146  2.89801  2.37887  2.77519  2.98518  4.58477  3.61503
          0.00626  5.47206  6.19440  0.61958  0.77255  0.48576  0.95510
     29   2.77426  5.56583  3.36703  2.47900  4.89239  3.31326  3.36396  3.60411  1.93270  3.24173  4.61139  3.04987  3.55510  2.65457  3.30200  1.97850  2.32110  2.47660  6.00975  4.61024     33 - -
          2.68618  4.42225  2.77519  2.73123  3.46354  2.40513  3.72494  3.29354  2.67741  2.69355  4.24690  2.90347  2.73739  3.18146  2.89801  2.37887  2.77519  2.98518  4.58477  3.61503
          0.00626  5.47206  6.19440  0.61958  0.77255  0.48576  0.95510
     30   2.70023  3.03722  5.19941  4.59468  3.74625  4.44151  4.79454  1.45643  4.39344  2.26852  3.75609  4.59814  3.01672  4.53587  4.41871  3.19772  3.49193  1.27699  5.29514  4.11633     34 - -
          2.68618  4.42225  2.77519  2.73123  3.46354  2.40513  3.72494  3.29354  2.67741  2.69355  4.24690  2.90347  2.73739  3.18146  2.89801  2.37887  2.77519  2.98518  4.58477  3.61503
          0.00626  5.47206  6.19440  0.61958  0.77255  0.48576  0.95510
     31   2.68178  3.29456  3.46092  2.90440  4.73165  3.91912  2.96585  4.17147  2.55017  3.72988  4.51422  3.43377  3.06178  3.25370  3.00117  1.05861  2.99632  3.80457  5.92888  4.56672     35 - -
          2.68618  4.42225  2.77519  2.73123  3.46354  2.40513  3.72494  3.29354  2.67741  2.69355  4.24690  2.90347  2.73739  3.18146  2.89801  2.37887  2.77519  2.98518  4.58477  3.61503
          0.00626  5.47206  6.19440  0.61958  0.77255  0.48576  0.95510
     32   2.40627  3.85503  2.49255  2.81014  4.89521  3.45129  2.99617  4.36890  2.09969  3.11742  4.61317  3.35531  2.77957  3.17200  1.91549  2.49528  3.33134  3.38588  6.01123  3.62711     36 - -
          2.68618  4.42225  2.77519  2.73123  3.46354  2.40513  3.72494  3.29354  2.67741  2.69355  4.24690  2.90347  2.73739  3.18146  2.89801  2.37887  2.77519  2.98518  4.58477  3.61503
          0.00626  5.47206  6.19440  0.61958  0.77255  0.48576  0.95510
     33   2.56791  5.58680  3.35902  2.14988  4.92201  3.87801  4.06578  4.40078  2.26227  3.88770  2.84463  3.34943  4.27119  2.38220  2.35213  1.97176  2.24915  3.36420  6.02529  4.62080     37 - -
          2.68618  4.42225  2.77519  2.73123  3.46354  2.40513  3.72494  3.29354  2.67741  2.69355  4.24690  2.90347  2.73739  3.18146  2.89801  2.37887  2.77519  2.98518  4.58477  3.61503
          0.00626  5.47206  6.19440  0.61958  0.77255  0.48576  0.95510
     34   4.07525  5.79559  5.63553  5.43744  4.75410  4.69355  5.73908  5.05411  5.11835  4.60254  5.69818  5.29337  5.42844  5.51637  5.20620  4.30210  0.18252  4.70631  3.16009  4.79970     38 - -
          2.68618  4.42225  2.77519  2.73123  3.46354  2.40513  3.72494  3.29354  2.67741  2.69355  4.24690  2.90347  2.73739  3.18146  2.89801  2.37887  2.77519  2.98518  4.58477  3.61503
          0.00626  5.47206  6.19440  0.61958  0.77255  0.48576  0.95510
     35   4.14420  5.32370  6.29923  5.84541  4.77413  5.82110  6.61525  0.91904  5.80676  2.29941  4.49158  5.99119  6.02503  6.07126  5.97200  5.26633  3.11808  0.95519  6.90537  5.67251     39 - -
          2.68618  4.42225  2.77519  2.73123  3.46354  2.40513  3.72494  3.29354  2.67741  2.69355  4.24690  2.90347  2.73739  3.18146  2.89801  2.37887  2.77519  2.98518  4.58477  3.61503
          0.00626  5.47206  6.19440  0.61958  0.77255  0.48576  0.95510
     36   3.16821  5.30017  3.61801  3.04908  4.52939  3.39074  4.19393  3.26634  2.67118  2.91187  4.37624  3.55348  4.39180  3.03322  1.25815  1.92755  3.39574  3.62770  2.90533  4.49196     40 - -
          2.68618  4.42225  2.77519  2.73123  3.46354  2.40513  3.72494  3.29354  2.67741  2.69355  4.24690  2.90347  2.73739  3.18146  2.89801  2.37887  2.77519  2.98518  4.58477  3.61503
          0.00626  5.47206  6.19440  0.61958  0.77255  0.48576  0.95510
     37   2.82821  5.57579  3.38716  2.82908  4.90401  3.43809  4.08022  4.37405  2.42174  3.87127  3.39599  2.09925  4.28855  2.75490  1.31067  2.76225  3.34724  3.95759  6.01633  3.15449     41 - -
          2.68618  4.42225  2.77519  2.73123  3.46354  2.40513  3.72494  3.29354  2.67741  2.69355  4.24690  2.90347  2.73739  3.18146  2.89801  2.37887  2.77519  2.98518  4.58477  3.61503
          0.00626  5.47206  6.19440  0.61958  0.77255  0.48576  0.95510
     38   3.15581  3.58300  4.42160  3.27409  3.80470  4.22282  4.51008  2.33349  3.74848  2.69072  3.80584  4.12403  4.59521  3.15083  1.66629  3.49616  2.39945  1.92887  5.29815  2.38817     42 - -
          2.68618  4.42225  2.77519  2.73123  3.46354  2.40513  3.72494  3.29354  2.67741  2.69355  4.24690  2.90347  2.73739  3.18146  2.89801  2.37887  2.77519  2.98518  4.58477  3.61503
          0.00626  5.47206  6.19440  0.61958  0.77255  0.48576  0.95510
     39   4.97156  6.07368  6.94109  6.39932  3.99611  6.50327  6.76272  2.23124  6.28303  0.24798  3.70872  6.73565  6.27923  5.92769  6.11976  6.02236  5.15660  3.46445  6.40857  5.54685     43 - -
          2.68618  4.42225  2.77519  2.73123  3.46354  2.40513  3.72494  3.29354  2.67741  2.69355  4.24690  2.90347  2.73739  3.18146  2.89801  2.37887  2.77519  2.98518  4.58477  3.61503
          0.00626  5.47206  6.19440  0.61958  0.77255  0.48576  0.95510
     40   3.34831  5.74075  3.66521  3.06420  5.10844  3.50600  1.73834  4.54374  1.79116  2.75769  4.79085  3.57605  4.47463  2.57449  1.58505  3.32111  3.55997  4.14789  6.12057  3.67784     44 - -
          2.68618  4.42225  2.77519  2.73123  3.46354  2.40513  3.72494  3.29354  2.67741  2.69355  4.24690  2.90347  2.73739  3.18146  2.89801  2.37887  2.77519  2.98518  4.58477  3.61503
          0.00626  5.47206  6.19440  0.61958  0.77255  0.48576  0.95510
     41   2.45629  5.60849  2.75799  2.13352  3.49458  3.87254  4.05962  4.43896  1.87376  3.91363  3.64330  2.32300  4.26600  2.68781  2.42249  2.46203  2.95674  3.48323  6.04137  4.63062     45 - -
          2.68618  4.42225  2.77519  2.73123  3.46354  2.40513  3.72494  3.29354  2.67741  2.69355  4.24690  2.90347  2.73739  3.18146  2.89801  2.37887  2.77519  2.98518  4.58477  3.61503
          0.00626  5.47206  6.19440  0.61958  0.77255  0.48576  0.95510
     42   1.76217  5.26065  3.54926  2.48770  3.08110  3.29255  2.54741  2.85216  2.98176  3.51233  4.33575  3.16988  4.34684  2.57448  3.43868  2.24902  3.34525  3.07034  5.77390  3.09948     46 - -
          2.68618  4.42225  2.77519  2.73123  3.46354  2.40513  3.72494  3.29354  2.67741  2.69355  4.24690  2.90347  2.73739  3.18146  2.89801  2.37887  2.77519  2.98518  4.58477  3.61503
          0.00626  5.47206  6.19440  0.61958  0.77255  0.48576  0.95510
     43   3.22306  5.71631  2.49836  2.85124  5.04498  1.09649  2.82084  4.52626  2.63443  2.92319  4.76649  2.65189  4.36072  2.88806  3.42448  3.18097  3.45880  4.09932  6.15336  4.74085     47 - -
          2.68618  4.42225  2.77519  2.73123  3.46354  2.40513  3.72494  3.29354  2.67741  2.69355  4.24690  2.90347  2.73739  3.18146  2.89801  2.37887  2.77519  2.98518  4.58477  3.61503
          0.00626  5.47206  6.19440  0.61958  0.77255  0.48576  0.95510
     44   3.22837  4.60030  5.18475  4.57095  2.09711  4.40027  4.72811  2.23267  4.35855  1.26777  2.58590  3.02236  4.75737  4.48421  4.36703  3.71254  3.45987  2.43700  5.20984  2.48122     48 - -
          2.68618  4.42225  2.77519  2.73123  3.46354  2.40513  3.72494  3.29354  2.67741  2.69355  4.24690  2.90347  2.73739  3.18146  2.89801  2.37887  2.77519  2.98518  4.58477  3.61503
          0.00626  5.47206  6.19440  0.61958  0.77255  0.48576  0.95510
     45   3.11073  3.85189  3.50046  2.94261  3.76754  3.17272  2.51147  3.14676  1.87319  3.59016  3.50412  2.79380  4.32825  3.28690  2.03211  2.57113  3.34202  3.66418  5.82853  2.69337     49 - -
          2.68618  4.42225  2.77519  2.73123  3.46354  2.40513  3.72494  3.29354  2.67741  2.69355  4.24690  2.90347  2.73739  3.18146  2.89801  2.37887  2.77519  2.98518  4.58477  3.61503
          0.00626  5.47206  6.19440  0.61958  0.77255  0.48576  0.95510
     46   1.88407  5.29450  3.52521  2.96714  3.40206  2.14167  3.39443  3.94177  1.77954  3.55109  4.36734  3.48438  4.33789  3.30813  3.42077  2.37139  2.76852  2.96963  5.80141  3.69590     50 - -
          2.68625  4.42232  2.77526  2.73130  3.46361  2.40520  3.72501  3.29361  2.67748  2.69302  4.24697  2.90353  2.73746  3.18153  2.89754  2.37894  2.77526  2.98525  4.58484  3.61510
          0.11874  2.20804  6.19440  0.14478  2.00407  0.48576  0.95510
     47   2.55039  3.34188  3.72678  3.16460  4.25464  4.02641  4.25053  3.63757  3.13651  3.30761  4.16693  3.64152  4.41189  2.41425  1.60455  2.75520  2.45391  3.37458  3.25932  2.29096     52 - -
          2.68618  4.42225  2.77519  2.73123  3.46354  2.40513  3.72494  3.29354  2.67741  2.69355  4.24690  2.90347  2.73739  3.18146  2.89801  2.37887  2.77519  2.98518  4.58477  3.61503
          0.00626  5.47206  6.19440  0.61958  0.77255  0.48576  0.95510
     48   3.12361  5.37364  3.49615  2.93618  4.62900  3.94197  4.13733  3.36636  1.50753  3.63799  4.44016  3.00982  4.33168  3.27632  1.95559  2.43377  3.00196  2.27742  5.86251  3.11694     53 - -
          2.68618  4.42225  2.77519  2.73123  3.46354  2.40513  3.72494  3.29354  2.67741  2.69355  4.24690  2.90347  2.73739  3.18146  2.89801  2.37887  2.77519  2.98518  4.58477  3.61503
          0.00626  5.47206  6.19440  0.61958  0.77255  0.48576  0.95510
     49   1.63486  4.76959  4.23894  3.66722  3.89964  4.17504  4.46263  2.73425  3.59860  2.55751  3.88665  4.00929  1.50965  3.87617  3.22701  2.96625  2.65984  2.55298  5.37420  4.15953     54 - -
          2.68618  4.42225  2.77519  2.73123  3.46354  2.40513  3.72494  3.29354  2.67741  2.69355  4.24690  2.90347  2.73739  3.18146  2.89801  2.37887  2.77519  2.98518  4.58477  3.61503
          0.00626  5.47206  6.19440  0.61958  0.77255  0.48576  0.95510
     50   2.68404  5.04266  3.77503  3.21079  4.21290  4.04604  4.27142  2.94639  2.49335  2.57870  3.38860  3.67770  4.42979  3.02422  1.25973  3.27138  2.45222  2.80607  5.59597  4.32652     55 - -
          2.68618  4.42225  2.77519  2.73123  3.46354  2.40513  3.72494  3.29354  2.67741  2.69355  4.24690  2.90347  2.73739  3.18146  2.89801  2.37887  2.77519  2.98518  4.58477  3.61503
          0.00626  5.47206  6.19440  0.61958  0.77255  0.48576  0.95510
     51   3.15293  5.58245  3.43807  2.53538  4.90853  3.93131  4.10366  4.36840  1.26362  3.24731  4.63125  2.85951  3.26504  3.21061  2.13430  3.12893  3.38042  3.29167  2.57820  4.63928     56 - -
          2.68618  4.42225  2.77519  2.73123  3.46354  2.40513  3.72494  3.29354  2.67741  2.69355  4.24690  2.90347  2.73739  3.18146  2.89801  2.37887  2.77519  2.98518  4.58477  3.61503
          0.00626  5.47206  6.19440  0.61958  0.77255  0.48576  0.95510
     52   2.69211  5.31003  3.61720  3.04922  4.54967  3.29626  4.19799  3.36159  1.26692  3.56583  4.39216  3.55395  4.39303  3.35899  2.18123  3.21924  3.06376  1.93750  5.81858  4.50588     57 - -
          2.68618  4.42225  2.77519  2.73123  3.46354  2.40513  3.72494  3.29354  2.67741  2.69355  4.24690  2.90347  2.73739  3.18146  2.89801  2.37887  2.77519  2.98518  4.58477  3.61503
          0.00626  5.47206  6.19440  0.61958  0.77255  0.48576  0.95510
     53   3.47501  5.06326  4.87817  4.34725  4.31064  4.44521  5.00787  2.10578  3.97688  3.20098  4.25787  4.54153  0.64052  4.43006  3.27674  3.81806  3.78180  2.64834  5.87698  4.67989     58 - -
          2.68618  4.42225  2.77519  2.73123  3.46354  2.40513  3.72494  3.29354  2.67741  2.69355  4.24690  2.90347  2.73739  3.18146  2.89801  2.37887  2.77519  2.98518  4.58477  3.61503
          0.00626  5.47206  6.19440  0.61958  0.77255  0.48576  0.95510
     54   3.12546  5.07295  3.72083  2.65032  2.63476  2.67381  3.02642  3.63290  2.80945  1.49962  4.16259  3.63759  2.71873  3.00799  3.56101  2.98717  3.35696  2.68344  5.62127  4.34210     59 - -
          2.68622  4.42229  2.77523  2.73127  3.46358  2.40517  3.72498  3.29358  2.67745  2.69359  4.24694  2.90277  2.73743  3.18150  2.89805  2.37891  2.77523  2.98522  4.58481  3.61507
          0.06935  2.73395  6.19440  0.21426  1.64577  0.48576  0.95510
     55   4.28061  5.52073  6.26614  5.70294  4.04263  5.65843  6.04858  1.52553  5.55595  0.54645  3.80493  5.83561  3.63337  5.52289  5.53843  5.04210  4.50468  2.68410  6.17552  5.16067     61 - -
          2.68618  4.42225  2.77519  2.73123  3.46354  2.40513  3.72494  3.29354  2.67741  2.69355  4.24690  2.90347  2.73739  3.18146  2.89801  2.37887  2.77519  2.98518  4.58477  3.61503
          0.00626  5.47206  6.19440  0.61958  0.77255  0.48576  0.95510
     56   2.77555  5.60286  3.38518  2.83174  4.94521  3.89999  4.08664  4.42015  2.19291  3.90669  4.65282  2.69753  4.29509  2.85328  2.91936  1.41687  1.72442  3.99392  6.04245  4.64461     62 - -
          2.68618  4.42225  2.77519  2.73123  3.46354  2.40513  3.72494  3.29354  2.67741  2.69355  4.24690  2.90347  2.73739  3.18146  2.89801  2.37887  2.77519  2.98518  4.58477  3.61503
          0.00626  5.47206  6.19440  0.61958  0.77255  0.48576  0.95510
     57   1.97374  5.59105  3.06755  2.14409  4.92817  3.44890  3.40597  4.40856  1.81241  2.90698  3.58354  3.34667  2.42294  3.16298  3.29331  2.53836  2.98940  3.97742  6.02853  4.62242     63 - -
          2.68618  4.42225  2.77519  2.73123  3.46354  2.40513  3.72494  3.29354  2.67741  2.69355  4.24690  2.90347  2.73739  3.18146  2.89801  2.37887  2.77519  2.98518  4.58477  3.61503
          0.00626  5.47206  6.19440  0.61958  0.77255  0.48576  0.95510
     58   2.44381  5.59360  2.38143  2.55795  4.93170  3.87635  2.97108  2.95360  1.58423  3.89578  4.63614  3.34656  4.26964  2.81655  2.41432  3.06564  3.03351  2.69301  6.03035  4.62392     64 - -
          2.68618  4.42225  2.77519  2.73123  3.46354  2.40513  3.72494  3.29354  2.67741  2.69355  4.24690  2.90347  2.73739  3.18146  2.89801  2.37887  2.77519  2.98518  4.58477  3.61503
          0.00626  5.47206  6.19440  0.61958  0.77255  0.48576  0.95510
     59   3.18376  5.35285  3.56901  3.02852  4.57339  4.00086  1.66154  4.00139  2.97546  3.60614  2.74381  1.55190  4.39618  2.36974  3.40836  3.22334  3.41439  2.80272  5.84259  4.51289     65 - -
          2.68618  4.42225  2.77519  2.73123  3.46354  2.40513  3.72494  3.29354  2.67741  2.69355  4.24690  2.90347  2.73739  3.18146  2.89801  2.37887  2.77519  2.98518  4.58477  3.61503
          0.00626  5.47206  6.19440  0.61958  0.77255  0.48576  0.95510
     60   2.32785  4.91375  3.99597  3.42286  4.05788  4.12499  4.36259  2.33304  1.52486  3.12506  3.37745  3.83852  4.50365  3.67261  1.82229  3.36882  3.39257  2.61562  3.50218  4.25025     66 - -
          2.68618  4.42225  2.77519  2.73123  3.46354  2.40513  3.72494  3.29354  2.67741  2.69355  4.24690  2.90347  2.73739  3.18146  2.89801  2.37887  2.77519  2.98518  4.58477  3.61503
          0.00626  5.47206  6.19440  0.61958  0.77255  0.48576  0.95510
     61   2.56637  5.56572  3.37189  2.57770  4.89179  3.34756  3.45544  3.74703  1.33370  2.67639  3.87109  3.35984  4.27727  2.63762  2.33024  3.07517  2.76823  3.94615  6.00946  4.61148     67 - -
          2.68618  4.42225  2.77519  2.73123  3.46354  2.40513  3.72494  3.29354  2.67741  2.69355  4.24690  2.90347  2.73739  3.18146  2.89801  2.37887  2.77519  2.98518  4.58477  3.61503
          0.00626  5.47206  6.19440  0.61958  0.77255  0.48576  0.95510
     62   1.60565  4.16593  2.30656  2.81334  4.89045  3.26608  4.07195  3.47829  1.79376  3.86175  4.61062  3.35802  4.27542  3.17490  2.64775  2.40964  2.98970  3.94474  6.00920  4.61041     68 - -
          2.68618  4.42225  2.77519  2.73123  3.46354  2.40513  3.72494  3.29354  2.67741  2.69355  4.24690  2.90347  2.73739  3.18146  2.89801  2.37887  2.77519  2.98518  4.58477  3.61503
          0.00626  5.47206  6.19440  0.61958  0.77255  0.48576  0.95510
     63   4.72949  6.54485  5.39511  4.48519  5.80996  5.07281  3.05429  5.60066  2.96692  4.85552  5.81622  4.71759  5.43569  4.04325  0.23200  4.71571  4.82172  5.31300  6.55596  5.41613     69 - -
          2.68618  4.42225  2.77519  2.73123  3.46354  2.40513  3.72494  3.29354  2.67741  2.69355  4.24690  2.90347  2.73739  3.18146  2.89801  2.37887  2.77519  2.98518  4.58477  3.61503
          0.00626  5.47206  6.19440  0.61958  0.77255  0.48576  0.95510
     64   3.88794  5.19786  5.85950  5.25179  2.86852  5.12487  5.42603  2.69515  5.05941  0.63154  3.07990  5.29224  5.36407  5.06920  5.02800  4.45973  4.10708  2.00447  5.71284  2.83803     70 - -
          2.68618  4.42225  2.77519  2.73123  3.46354  2.40513  3.72494  3.29354  2.67741  2.69355  4.24690  2.90347  2.73739  3.18146  2.89801  2.37887  2.77519  2.98518  4.58477  3.61503
          0.00626  5.47206  6.19440  0.61958  0.77255  0.48576  0.95510
     65   2.23015  5.61458  3.04258  1.79938  4.96073  3.87342  4.06103  4.44746  2.30023  3.92022  4.65507  2.52281  4.26748  1.86601  2.48792  2.56661  2.99059  4.00582  6.04645  4.63481     71 - -
          2.68618  4.42225  2.77519  2.73123  3.46354  2.40513  3.72494  3.29354  2.67741  2.69355  4.24690  2.90347  2.73739  3.18146  2.89801  2.37887  2.77519  2.98518  4.58477  3.61503
          0.00626  5.47206  6.19440  0.61958  0.77255  0.48576  0.95510
     66   4.52061  5.73973  5.94273  5.61303  0.60712  5.40659  4.60640  4.19880  5.39347  2.40172  4.79734  5.21907  5.71639  5.28658  5.31507  2.79771  4.74506  4.10211  1.90486  3.03326     72 - -
          2.68618  4.42225  2.77519  2.73123  3.46354  2.40513  3.72494  3.29354  2.67741  2.69355  4.24690  2.90347  2.73739  3.18146  2.89801  2.37887  2.77519  2.98518  4.58477  3.61503
          0.00626  5.47206  6.19440  0.61958  0.77255  0.48576  0.95510
     67   0.40580  2.39790  5.76950  5.69804  5.92223  3.97777  6.14433  5.38142  5.53993  5.11045  5.87016  4.90849  4.85463  5.61014  5.50266  1.98436  3.84205  4.52496  7.29191  6.27174     73 - -
          2.68618  4.42225  2.77519  2.73123  3.46354  2.40513  3.72494  3.29354  2.67741  2.69355  4.24690  2.90347  2.73739  3.18146  2.89801  2.37887  2.77519  2.98518  4.58477  3.61503
          0.00626  5.47206  6.19440  0.61958  0.77255  0.48576  0.95510
     68   3.11422  3.85414  3.43582  2.62319  4.74435  3.91460  4.10627  3.43837  1.60177  1.94883  4.51731  3.07396  4.30576  2.94966  2.02405  2.82507  2.83209  3.81754  5.92905  4.56120     74 - -
          2.68618  4.42225  2.77519  2.73123  3.46354  2.40513  3.72494  3.29354  2.67741  2.69355  4.24690  2.90347  2.73739  3.18146  2.89801  2.37887  2.77519  2.98518  4.58477  3.61503
          0.00626  5.47206  6.19440  0.61958  0.77255  0.48576  0.95510
     69   2.27797  5.61004  2.73647  1.46210  4.95484  3.87313  4.06059  4.44066  2.54596  3.10922  4.65082  2.82441  4.26689  2.90158  2.66965  2.66693  2.20382  4.00055  6.04282  4.63195     75 - -
          2.68618  4.42225  2.77519  2.73123  3.46354  2.40513  3.72494  3.29354  2.67741  2.69355  4.24690  2.90347  2.73739  3.18146  2.89801  2.37887  2.77519  2.98518  4.58477  3.61503
          0.00626  5.47206  6.19440  0.61958  0.77255  0.48576  0.95510
     70   3.67260  5.37738  4.43959  3.88796  3.46582  4.56474  0.99574  3.92602  3.72125  2.60712  4.49301  2.65573  4.92821  4.07410  3.04190  3.82595  3.89658  3.71050  2.96791  1.98421     76 - -
          2.68618  4.42225  2.77519  2.73123  3.46354  2.40513  3.72494  3.29354  2.67741  2.69355  4.24690  2.90347  2.73739  3.18146  2.89801  2.37887  2.77519  2.98518  4.58477  3.61503
          0.00626  5.47206  6.19440  0.61958  0.77255  0.48576  0.95510
     71   2.81623  4.76002  4.34709  3.76061  3.87649  4.22252  4.48661  3.22405  2.68813  1.30051  2.62061  4.07533  4.59442  3.23053  2.34610  3.49256  3.41226  1.90018  5.35553  4.14986     77 - -
          2.68618  4.42225  2.77519  2.73123  3.46354  2.40513  3.72494  3.29354  2.67741  2.69355  4.24690  2.90347  2.73739  3.18146  2.89801  2.37887  2.77519  2.98518  4.58477  3.61503
          0.00626  5.47206  6.19440  0.61958  0.77255  0.48576  0.95510
     72   2.47269  5.61193  1.96480  2.55225  4.95703  2.69659  3.09240  4.44315  2.43357  3.91721  3.72280  1.92180  4.26741  3.15765  3.03374  2.17694  3.33201  4.00260  6.04451  4.63330     78 - -
          2.68618  4.42225  2.77519  2.73123  3.46354  2.40513  3.72494  3.29354  2.67741  2.69355  4.24690  2.90347  2.73739  3.18146  2.89801  2.37887  2.77519  2.98518  4.58477  3.61503
          0.00422  5.47001        *  0.61958  0.77255  0.00000        *
//
