HMMER3/b [3.0b2 | June 2009]
NAME  MuDR
ACC   PF03108.8
DESC  MuDR family transposase
LENG  67
ALPH  amino
RF    no
CS    no
MAP   yes
DATE  Fri Sep 18 00:53:25 2009
NSEQ  92
EFFN  8.010132
CKSUM 4269412526
GA    21.80 21.80;
TC    21.90 21.90;
NC    21.60 21.70;
BM    hmmbuild HMM.ann SEED.ann
SM    hmmsearch -Z 9421015 -E 1000 HMM pfamseq
STATS LOCAL MSV       -8.8369  0.71879
STATS LOCAL VITERBI   -9.1930  0.71879
STATS LOCAL FORWARD   -4.4175  0.71879
HMM          A        C        D        E        F        G        H        I        K        L        M        N        P        Q        R        S        T        V        W        Y   
            m->m     m->i     m->d     i->m     i->i     d->m     d->d
  COMPO   2.66001  3.17385  3.00819  2.65595  3.05563  3.15760  3.68026  2.90963  2.35219  2.73683  3.74106  3.18744  3.70595  3.14207  2.76301  2.72009  2.95085  2.64111  3.90716  3.38417
          2.68618  4.42225  2.77519  2.73123  3.46354  2.40513  3.72494  3.29354  2.67741  2.69355  4.24690  2.90347  2.73739  3.18146  2.89801  2.37887  2.77519  2.98518  4.58477  3.61503
          0.00468  5.76261  6.48496  0.61958  0.77255  0.00000        *
      1   3.13846  4.68738  2.02402  2.07629  4.28902  2.20921  4.23035  3.93270  2.41396  3.71935  4.28430  2.06485  4.43546  3.33000  3.46014  2.60790  2.69513  3.05223  6.18981  4.78503      1 - -
          2.68618  4.42225  2.77519  2.73123  3.46354  2.40513  3.72494  3.29354  2.67741  2.69355  4.24690  2.90347  2.73739  3.18146  2.89801  2.37887  2.77519  2.98518  4.58477  3.61503
          0.00468  5.76261  6.48496  0.61958  0.77255  0.48576  0.95510
      2   3.14035  5.65303  2.35730  2.53764  3.97861  2.85033  3.13913  2.71457  2.72091  2.56789  4.70707  3.17037  1.75266  3.37320  3.49854  2.77213  3.03018  3.21290  6.11657  4.73764      2 - -
          2.68618  4.42225  2.77519  2.73123  3.46354  2.40513  3.72494  3.29354  2.67741  2.69355  4.24690  2.90347  2.73739  3.18146  2.89801  2.37887  2.77519  2.98518  4.58477  3.61503
          0.01386  5.76261  4.54512  0.61958  0.77255  0.48576  0.95510
      3   3.13266  3.19540  2.54862  2.09508  3.45674  2.70237  3.81941  3.42316  2.44140  3.00743  4.27490  2.81104  3.05361  2.72239  3.12792  2.72442  2.80647  2.85877  6.17917  4.77624      3 - -
          2.68618  4.42225  2.77519  2.73123  3.46354  2.40513  3.72494  3.29354  2.67741  2.69355  4.24690  2.90347  2.73739  3.18146  2.89801  2.37887  2.77519  2.98518  4.58477  3.61503
          0.01596  5.75347  4.36880  0.61958  0.77255  0.53927  0.87508
      4   3.34461  4.71953  4.46040  4.69232  2.22219  4.51385  4.84736  1.88197  4.07474  1.26381  2.34866  4.67606  4.87753  4.60859  3.95769  3.11394  3.18527  2.33981  4.08161  4.16532      4 - -
          2.68618  4.42225  2.77519  2.73123  3.46354  2.40513  3.72494  3.29354  2.67741  2.69355  4.24690  2.90347  2.73739  3.18146  2.89801  2.37887  2.77519  2.98518  4.58477  3.61503
          0.00478  5.74229  6.46463  0.61958  0.77255  0.42015  1.06987
      5   2.27456  4.43889  2.77789  2.01201  3.23806  3.37528  3.54146  3.44663  2.21602  3.50160  4.78952  3.19953  3.45338  3.13013  2.61393  2.93622  2.88306  3.11164  6.18578  2.76960      5 - -
          2.68618  4.42225  2.77519  2.73123  3.46354  2.40513  3.72494  3.29354  2.67741  2.69355  4.24690  2.90347  2.73739  3.18146  2.89801  2.37887  2.77519  2.98518  4.58477  3.61503
          0.00468  5.76261  6.48496  0.61958  0.77255  0.48576  0.95510
      6   3.19941  5.09513  4.11323  2.70073  4.24138  4.27472  3.29943  2.25464  2.14440  1.83371  4.19519  3.97452  3.78665  3.50679  3.43684  3.51303  3.54997  1.47036  5.66846  4.42414      6 - -
          2.68618  4.42225  2.77519  2.73123  3.46354  2.40513  3.72494  3.29354  2.67741  2.69355  4.24690  2.90347  2.73739  3.18146  2.89801  2.37887  2.77519  2.98518  4.58477  3.61503
          0.00468  5.76261  6.48496  0.61958  0.77255  0.48576  0.95510
      7   3.70519  6.27266  2.72327  2.55260  5.59941  0.62566  3.92244  5.10390  2.54639  4.56676  5.33729  3.20959  4.75016  3.71192  3.50926  3.39952  3.95490  4.65708  6.69553  5.24299      7 - -
          2.68618  4.42225  2.77519  2.73123  3.46354  2.40513  3.72494  3.29354  2.67741  2.69355  4.24690  2.90347  2.73739  3.18146  2.89801  2.37887  2.77519  2.98518  4.58477  3.61503
          0.00468  5.76261  6.48496  0.61958  0.77255  0.48576  0.95510
      8   2.63373  4.38107  3.70744  2.99325  4.67442  4.12311  4.32950  4.08527  2.20337  2.48973  2.23226  3.66397  4.51231  1.71152  2.69880  2.64867  2.55377  3.37571  4.84297  4.63002      8 - -
          2.68618  4.42225  2.77519  2.73123  3.46354  2.40513  3.72494  3.29354  2.67741  2.69355  4.24690  2.90347  2.73739  3.18146  2.89801  2.37887  2.77519  2.98518  4.58477  3.61503
          0.00468  5.76261  6.48496  0.61958  0.77255  0.48576  0.95510
      9   3.10325  2.84923  4.61719  2.23583  3.23888  4.40815  4.69692  2.54696  2.93629  2.39860  2.75103  4.31493  4.78040  3.11028  3.50187  3.02581  2.29493  1.77218  5.47679  4.27558      9 - -
          2.68618  4.42225  2.77519  2.73123  3.46354  2.40513  3.72494  3.29354  2.67741  2.69355  4.24690  2.90347  2.73739  3.18146  2.89801  2.37887  2.77519  2.98518  4.58477  3.61503
          0.00468  5.76261  6.48496  0.61958  0.77255  0.48576  0.95510
     10   5.95639  6.75415  6.66932  6.70489  0.37659  6.31897  4.83714  5.35015  6.46178  2.77446  5.82663  5.79665  6.54216  5.99118  6.17742  5.74238  6.13132  5.38024  4.89789  1.61106     10 - -
          2.68618  4.42225  2.77519  2.73123  3.46354  2.40513  3.72494  3.29354  2.67741  2.69355  4.24690  2.90347  2.73739  3.18146  2.89801  2.37887  2.77519  2.98518  4.58477  3.61503
          0.00468  5.76261  6.48496  0.61958  0.77255  0.48576  0.95510
     11   2.47624  4.66190  2.65165  2.53632  3.18264  3.59052  3.86084  4.26955  1.96267  4.07895  4.81444  2.53495  2.20105  3.08147  2.60066  2.33993  3.24537  3.45639  6.20653  4.79568     11 - -
          2.68618  4.42225  2.77519  2.73123  3.46354  2.40513  3.72494  3.29354  2.67741  2.69355  4.24690  2.90347  2.73739  3.18146  2.89801  2.37887  2.77519  2.98518  4.58477  3.61503
          0.00468  5.76261  6.48496  0.61958  0.77255  0.48576  0.95510
     12   3.27077  3.54581  1.90743  2.98425  5.05660  3.22378  3.90131  3.88017  2.98801  4.02902  4.77908  2.04107  4.44561  3.34750  3.25914  1.38088  2.56274  4.11123  6.17806  4.78001     12 - -
          2.68618  4.42225  2.77519  2.73123  3.46354  2.40513  3.72494  3.29354  2.67741  2.69355  4.24690  2.90347  2.73739  3.18146  2.89801  2.37887  2.77519  2.98518  4.58477  3.61503
          0.00468  5.76261  6.48496  0.61958  0.77255  0.48576  0.95510
     13   2.35913  5.08913  4.10855  3.54302  3.94694  2.80321  4.51594  3.04129  1.44663  2.51207  2.43223  3.97138  3.23852  3.81651  2.86018  3.19205  3.31336  2.51694  5.66346  4.41871     13 - -
          2.68581  4.42231  2.77525  2.73129  3.46360  2.40518  3.72500  3.29360  2.67746  2.69361  4.24695  2.90352  2.73745  3.18152  2.89806  2.37892  2.77525  2.98467  4.58483  3.61509
          0.03817  3.32643  6.48496  0.66812  0.71882  0.48576  0.95510
     14   2.60470  5.77002  2.19193  1.56119  3.71801  3.32893  3.96544  3.50558  2.11026  3.47622  4.35807  2.90289  4.04121  2.85713  3.17065  3.01546  3.13639  2.94282  6.20380  4.79394     16 - -
          2.68618  4.42225  2.77519  2.73123  3.46354  2.40513  3.72494  3.29354  2.67741  2.69355  4.24690  2.90347  2.73739  3.18146  2.89801  2.37887  2.77519  2.98518  4.58477  3.61503
          0.00468  5.76261  6.48496  0.61958  0.77255  0.48576  0.95510
     15   2.08571  4.82089  2.00524  1.42641  5.11126  3.52200  3.62092  4.59547  2.75857  3.59632  4.81003  3.50701  4.43205  2.46196  3.45407  3.02428  2.78672  3.16387  6.20289  4.79344     17 - -
          2.68618  4.42225  2.77519  2.73123  3.46354  2.40513  3.72494  3.29354  2.67741  2.69355  4.24690  2.90347  2.73739  3.18146  2.89801  2.37887  2.77519  2.98518  4.58477  3.61503
          0.00468  5.76261  6.48496  0.61958  0.77255  0.48576  0.95510
     16   3.17820  2.36344  5.38541  4.77069  1.27633  3.80234  4.92169  2.86581  4.55512  1.45537  3.04861  4.75219  4.94481  4.68085  4.55930  3.89934  3.64245  2.37107  5.40455  4.23237     18 - -
          2.68618  4.42225  2.77519  2.73123  3.46354  2.40513  3.72494  3.29354  2.67741  2.69355  4.24690  2.90347  2.73739  3.18146  2.89801  2.37887  2.77519  2.98518  4.58477  3.61503
          0.00468  5.76261  6.48496  0.61958  0.77255  0.48576  0.95510
     17   2.88639  5.77830  3.52972  2.74889  5.12287  4.05002  3.50215  4.60529  1.29282  4.08139  4.14892  3.13066  4.44275  2.26980  1.64316  3.10009  3.29985  3.88055  4.25353  4.80339     19 - -
          2.68618  4.42225  2.77519  2.73123  3.46354  2.40513  3.72494  3.29354  2.67741  2.69355  4.24690  2.90347  2.73739  3.18146  2.89801  2.37887  2.77519  2.98518  4.58477  3.61503
          0.00468  5.76261  6.48496  0.61958  0.77255  0.48576  0.95510
     18   2.71168  5.71589  2.15644  1.86355  4.45233  4.05004  4.23986  2.67179  1.86775  2.64695  3.83065  3.52774  4.44289  2.89515  2.88895  3.14362  2.97720  3.80506  6.16375  3.53021     20 - -
          2.68618  4.42225  2.77519  2.73123  3.46354  2.40513  3.72494  3.29354  2.67741  2.69355  4.24690  2.90347  2.73739  3.18146  2.89801  2.37887  2.77519  2.98518  4.58477  3.61503
          0.00468  5.76261  6.48496  0.61958  0.77255  0.48576  0.95510
     19   0.88144  4.34458  4.57053  3.99234  3.99882  3.81039  4.68279  3.13671  3.05760  2.44239  3.99808  4.28582  4.77068  3.86257  3.32285  3.45078  2.74169  2.52489  3.53168  4.28566     21 - -
          2.68618  4.42225  2.77519  2.73123  3.46354  2.40513  3.72494  3.29354  2.67741  2.69355  4.24690  2.90347  2.73739  3.18146  2.89801  2.37887  2.77519  2.98518  4.58477  3.61503
          0.00468  5.76261  6.48496  0.61958  0.77255  0.48576  0.95510
     20   4.60426  5.80211  6.66468  6.11584  3.63529  6.08652  6.50594  1.78070  6.00082  1.19781  2.42622  6.26749  6.16810  5.93749  5.97417  5.49003  4.82654  1.00642  6.55675  5.55708     22 - -
          2.68618  4.42225  2.77519  2.73123  3.46354  2.40513  3.72494  3.29354  2.67741  2.69355  4.24690  2.90347  2.73739  3.18146  2.89801  2.37887  2.77519  2.98518  4.58477  3.61503
          0.00468  5.76261  6.48496  0.61958  0.77255  0.48576  0.95510
     21   2.41019  4.81993  2.75635  2.50401  5.10372  4.03956  3.76661  2.81136  2.11312  2.79756  4.80530  2.65510  4.43292  2.83318  2.14364  2.63471  2.51647  3.24755  6.19892  4.79084     23 - -
          2.68618  4.42225  2.77519  2.73123  3.46354  2.40513  3.72494  3.29354  2.67741  2.69355  4.24690  2.90347  2.73739  3.18146  2.89801  2.37887  2.77519  2.98518  4.58477  3.61503
          0.00468  5.76261  6.48496  0.61958  0.77255  0.48576  0.95510
     22   2.98749  5.74214  2.76155  2.27998  4.28293  4.04417  2.58508  2.70696  2.12064  3.09389  3.33845  3.37092  4.43730  2.18061  2.61095  2.59016  3.19076  3.59085  3.81965  4.78083     24 - -
          2.68618  4.42225  2.77519  2.73123  3.46354  2.40513  3.72494  3.29354  2.67741  2.69355  4.24690  2.90347  2.73739  3.18146  2.89801  2.37887  2.77519  2.98518  4.58477  3.61503
          0.00468  5.76261  6.48496  0.61958  0.77255  0.48576  0.95510
     23   2.74899  3.66166  5.10336  4.50183  2.73414  3.53384  2.21828  3.20297  4.33160  2.62006  3.88312  3.73514  4.86438  4.02621  4.41517  3.79987  3.41343  2.66601  3.32966  1.13667     25 - -
          2.68618  4.42225  2.77519  2.73123  3.46354  2.40513  3.72494  3.29354  2.67741  2.69355  4.24690  2.90347  2.73739  3.18146  2.89801  2.37887  2.77519  2.98518  4.58477  3.61503
          0.00468  5.76261  6.48496  0.61958  0.77255  0.48576  0.95510
     24   1.05577  4.79350  3.60670  2.94167  4.89755  3.38655  3.79058  4.33992  2.93941  3.89525  4.67689  3.58385  3.70803  3.08700  3.52703  1.69638  2.86087  3.67297  6.09225  4.72537     26 - -
          2.68618  4.42225  2.77519  2.73123  3.46354  2.40513  3.72494  3.29354  2.67741  2.69355  4.24690  2.90347  2.73739  3.18146  2.89801  2.37887  2.77519  2.98518  4.58477  3.61503
          0.00468  5.76261  6.48496  0.61958  0.77255  0.48576  0.95510
     25   3.02719  4.73821  5.31071  4.69656  2.85434  4.52987  4.26187  1.19485  3.69053  1.66253  3.17562  3.30709  4.89345  4.61883  4.49824  3.84065  3.59373  1.87662  5.36073  4.18448     27 - -
          2.68618  4.42225  2.77519  2.73123  3.46354  2.40513  3.72494  3.29354  2.67741  2.69355  4.24690  2.90347  2.73739  3.18146  2.89801  2.37887  2.77519  2.98518  4.58477  3.61503
          0.00468  5.76261  6.48496  0.61958  0.77255  0.48576  0.95510
     26   2.47088  5.76491  3.21206  2.76838  5.10588  3.79267  3.97463  4.06236  1.32134  3.01824  4.80666  2.71534  4.43274  3.02861  2.20761  2.70519  3.24068  2.68599  6.20004  4.79162     28 - -
          2.68618  4.42225  2.77519  2.73123  3.46354  2.40513  3.72494  3.29354  2.67741  2.69355  4.24690  2.90347  2.73739  3.18146  2.89801  2.37887  2.77519  2.98518  4.58477  3.61503
          0.00468  5.76261  6.48496  0.61958  0.77255  0.48576  0.95510
     27   3.07771  4.43300  3.31111  2.12162  4.22475  3.17136  2.72718  3.78679  2.23130  3.34620  3.94516  2.09549  4.43595  2.83352  2.46322  3.14690  2.36653  3.56911  5.07584  3.53685     29 - -
          2.68618  4.42225  2.77519  2.73123  3.46354  2.40513  3.72494  3.29354  2.67741  2.69355  4.24690  2.90347  2.73739  3.18146  2.89801  2.37887  2.77519  2.98518  4.58477  3.61503
          0.00468  5.76261  6.48496  0.61958  0.77255  0.48576  0.95510
     28   3.03611  3.38245  3.15071  2.18457  5.11730  2.31400  3.02812  3.99356  2.11532  3.81225  4.07127  3.21107  4.43101  2.29640  1.92410  2.83539  3.49471  3.58732  6.20585  4.29518     30 - -
          2.68618  4.42225  2.77519  2.73123  3.46354  2.40513  3.72494  3.29354  2.67741  2.69355  4.24690  2.90347  2.73739  3.18146  2.89801  2.37887  2.77519  2.98518  4.58477  3.61503
          0.00468  5.76261  6.48496  0.61958  0.77255  0.48576  0.95510
     29   3.35649  4.89687  4.61247  4.03168  1.26574  4.41931  3.20289  3.05366  2.96358  3.09482  4.00905  4.31434  4.79118  3.28628  2.07503  3.69299  3.58793  2.14832  4.48121  2.69040     31 - -
          2.68618  4.42225  2.77519  2.73123  3.46354  2.40513  3.72494  3.29354  2.67741  2.69355  4.24690  2.90347  2.73739  3.18146  2.89801  2.37887  2.77519  2.98518  4.58477  3.61503
          0.00468  5.76261  6.48496  0.61958  0.77255  0.48576  0.95510
     30   2.36121  4.69730  2.35816  1.80390  5.12265  2.94521  2.86298  4.60937  2.60085  4.08225  4.81690  2.20948  3.35980  2.86806  3.10281  2.58481  3.49453  3.29950  6.20857  3.83391     32 - -
          2.68618  4.42225  2.77519  2.73123  3.46354  2.40513  3.72494  3.29354  2.67741  2.69355  4.24690  2.90347  2.73739  3.18146  2.89801  2.37887  2.77519  2.98518  4.58477  3.61503
          0.00468  5.76261  6.48496  0.61958  0.77255  0.48576  0.95510
     31   3.02732  3.46792  5.35659  4.74121  1.47360  4.55240  4.88787  1.70436  4.52402  1.85399  3.64569  4.71918  4.91436  4.65230  4.52779  3.86491  3.30669  2.33817  5.37559  2.41955     33 - -
          2.68618  4.42225  2.77519  2.73123  3.46354  2.40513  3.72494  3.29354  2.67741  2.69355  4.24690  2.90347  2.73739  3.18146  2.89801  2.37887  2.77519  2.98518  4.58477  3.61503
          0.00468  5.76261  6.48496  0.61958  0.77255  0.48576  0.95510
     32   2.79247  5.76526  2.88442  2.52819  4.14571  3.17582  3.22062  3.38002  1.45519  3.52555  4.80695  2.54574  4.43254  3.09802  2.18172  3.09805  3.31638  3.08725  4.28746  4.79172     34 - -
          2.68618  4.42225  2.77519  2.73123  3.46354  2.40513  3.72494  3.29354  2.67741  2.69355  4.24690  2.90347  2.73739  3.18146  2.89801  2.37887  2.77519  2.98518  4.58477  3.61503
          0.00468  5.76261  6.48496  0.61958  0.77255  0.48576  0.95510
     33   3.35666  4.74285  4.59869  4.63695  2.25469  4.51792  4.84760  2.44519  4.01476  2.36696  2.65543  4.15432  4.38814  2.62780  4.03562  3.82600  2.13493  1.52624  3.99443  2.98827     35 - -
          2.68618  4.42225  2.77519  2.73123  3.46354  2.40513  3.72494  3.29354  2.67741  2.69355  4.24690  2.90347  2.73739  3.18146  2.89801  2.37887  2.77519  2.98518  4.58477  3.61503
          0.00468  5.76261  6.48496  0.61958  0.77255  0.48576  0.95510
     34   2.73983  5.59707  2.93874  2.32427  3.66605  3.82308  4.27538  2.68146  2.14230  3.17526  4.18567  3.34641  2.67207  3.40073  2.80272  2.92466  2.31302  2.62068  6.07393  2.98137     36 - -
          2.68618  4.42225  2.77519  2.73123  3.46354  2.40513  3.72494  3.29354  2.67741  2.69355  4.24690  2.90347  2.73739  3.18146  2.89801  2.37887  2.77519  2.98518  4.58477  3.61503
          0.00468  5.76261  6.48496  0.61958  0.77255  0.48576  0.95510
     35   3.05485  5.78003  3.53253  2.44683  5.12480  4.05237  3.46559  4.60678  1.16791  4.08284  4.82164  3.00272  4.07493  3.18818  1.73744  3.24286  3.29795  3.25704  6.21074  3.40810     37 - -
          2.68618  4.42225  2.77519  2.73123  3.46354  2.40513  3.72494  3.29354  2.67741  2.69355  4.24690  2.90347  2.73739  3.18146  2.89801  2.37887  2.77519  2.98518  4.58477  3.61503
          0.00468  5.76261  6.48496  0.61958  0.77255  0.48576  0.95510
     36   3.12692  5.61599  2.71798  3.03753  4.89779  4.07461  4.26996  3.77127  2.73259  3.54304  4.67397  2.21418  4.46639  3.39188  3.51504  1.15392  2.36774  3.97223  3.62436  3.35079     38 - -
          2.68618  4.42225  2.77519  2.73123  3.46354  2.40513  3.72494  3.29354  2.67741  2.69355  4.24690  2.90347  2.73739  3.18146  2.89801  2.37887  2.77519  2.98518  4.58477  3.61503
          0.00468  5.76261  6.48496  0.61958  0.77255  0.48576  0.95510
     37   2.95178  3.25514  1.40365  1.85164  5.12180  3.39054  4.22572  4.60800  2.59046  4.08193  4.81726  2.53371  3.82647  3.14582  3.45368  2.55359  2.86020  4.16731  6.20912  4.27354     39 - -
          2.68588  4.42230  2.77524  2.73128  3.46359  2.40517  3.72499  3.29320  2.67745  2.69360  4.24694  2.90351  2.73744  3.18151  2.89805  2.37891  2.77509  2.98523  4.58482  3.61508
          0.06075  2.85752  6.48496  0.19026  1.75298  0.48576  0.95510
     38   2.73133  5.76795  3.51654  2.96063  5.11010  3.49940  3.52260  4.59379  1.40507  3.45686  4.80943  3.07485  2.28914  3.02253  2.41759  2.30472  2.60879  4.15703  5.01757  4.79340     41 - -
          2.68618  4.42225  2.77519  2.73123  3.46354  2.40513  3.72494  3.29354  2.67741  2.69355  4.24690  2.90347  2.73739  3.18146  2.89801  2.37887  2.77519  2.98518  4.58477  3.61503
          0.00468  5.76261  6.48496  0.61958  0.77255  0.48576  0.95510
     39   3.15688  5.77602  2.08213  2.21410  5.12194  3.07936  3.02320  4.60850  1.97788  3.26952  3.78652  2.79538  3.94376  3.00617  3.08235  2.96795  1.92052  3.86427  6.20820  4.26369     42 - -
          2.68618  4.42225  2.77519  2.73123  3.46354  2.40513  3.72494  3.29354  2.67741  2.69355  4.24690  2.90347  2.73739  3.18146  2.89801  2.37887  2.77519  2.98518  4.58477  3.61503
          0.00468  5.76261  6.48496  0.61958  0.77255  0.48576  0.95510
     40   3.29773  4.32609  3.88065  2.92574  4.13466  4.19151  4.41489  3.28570  2.13620  2.92233  3.65286  3.80021  4.57704  3.27060  1.10985  3.14173  2.81299  2.80999  5.80511  3.49374     43 - -
          2.68618  4.42225  2.77519  2.73123  3.46354  2.40513  3.72494  3.29354  2.67741  2.69355  4.24690  2.90347  2.73739  3.18146  2.89801  2.37887  2.77519  2.98518  4.58477  3.61503
          0.00468  5.76261  6.48496  0.61958  0.77255  0.48576  0.95510
     41   3.03909  4.75219  5.35586  4.74075  2.22147  4.55440  4.88880  1.93324  4.52421  1.93708  3.44559  4.72009  4.91613  4.65263  4.52885  3.36953  3.61316  1.84311  5.37643  1.55537     44 - -
          2.68618  4.42225  2.77519  2.73123  3.46354  2.40513  3.72494  3.29354  2.67741  2.69355  4.24690  2.90347  2.73739  3.18146  2.89801  2.37887  2.77519  2.98518  4.58477  3.61503
          0.00468  5.76261  6.48496  0.61958  0.77255  0.48576  0.95510
     42   2.82930  5.39999  3.49751  2.45010  3.22365  3.01340  4.34832  2.79068  2.80108  3.50691  3.25355  3.69339  4.52655  3.22352  1.80670  2.81814  2.29653  2.23845  5.91945  4.02244     45 - -
          2.68618  4.42225  2.77519  2.73123  3.46354  2.40513  3.72494  3.29354  2.67741  2.69355  4.24690  2.90347  2.73739  3.18146  2.89801  2.37887  2.77519  2.98518  4.58477  3.61503
          0.00468  5.76261  6.48496  0.61958  0.77255  0.48576  0.95510
     43   1.33381  4.73660  5.29914  4.68543  2.62741  2.89678  4.85773  2.89524  4.47540  1.88362  3.40001  4.68018  4.88917  4.61096  4.49170  3.41922  3.23135  1.71658  5.35823  3.45344     46 - -
          2.68618  4.42225  2.77519  2.73123  3.46354  2.40513  3.72494  3.29354  2.67741  2.69355  4.24690  2.90347  2.73739  3.18146  2.89801  2.37887  2.77519  2.98518  4.58477  3.61503
          0.00468  5.76261  6.48496  0.61958  0.77255  0.48576  0.95510
     44   2.91098  4.79134  3.64318  2.39089  3.72093  3.47907  2.82282  3.25594  1.45434  3.50681  4.07366  3.31366  4.48640  3.43363  2.39211  3.17652  2.90263  2.51918  6.02677  3.35046     47 - -
          2.68618  4.42225  2.77519  2.73123  3.46354  2.40513  3.72494  3.29354  2.67741  2.69355  4.24690  2.90347  2.73739  3.18146  2.89801  2.37887  2.77519  2.98518  4.58477  3.61503
          0.00468  5.76261  6.48496  0.61958  0.77255  0.48576  0.95510
     45   5.01021  0.07003  6.58900  6.58700  5.32126  5.41021  6.50328  6.03530  6.41167  5.54853  6.78036  6.26278  6.15254  6.64662  6.32951  5.24154  5.54586  5.68006  6.81320  4.04758     48 - -
          2.68618  4.42225  2.77519  2.73123  3.46354  2.40513  3.72494  3.29354  2.67741  2.69355  4.24690  2.90347  2.73739  3.18146  2.89801  2.37887  2.77519  2.98518  4.58477  3.61503
          0.13404  5.76261  2.10129  0.61958  0.77255  0.48576  0.95510
     46   2.33593  4.38058  2.93119  2.41802  4.82129  3.73812  3.95292  2.88336  2.05412  3.23089  4.10849  3.34615  3.87410  3.16919  2.57203  2.50216  2.81294  2.30480  4.11450  3.70054     49 - -
          2.68605  4.42060  2.77526  2.73154  3.46401  2.40478  3.72494  3.29349  2.67682  2.69402  4.24620  2.90394  2.73787  3.18054  2.89796  2.37890  2.77567  2.98517  4.58524  3.61459
          0.36474  1.19111  6.35624  0.70010  0.68625  0.25154  1.50327
     47   2.23226  5.77381  2.18448  2.35230  5.11874  2.66936  3.67531  4.15220  2.18067  3.73512  4.81451  3.14797  4.43080  3.07228  2.83404  2.23107  2.71292  3.22835  3.24311  4.79571     54 - -
          2.68618  4.42225  2.77519  2.73123  3.46354  2.40513  3.72494  3.29354  2.67741  2.69355  4.24690  2.90347  2.73739  3.18146  2.89801  2.37887  2.77519  2.98518  4.58477  3.61503
          0.00468  5.76261  6.48496  0.61958  0.77255  0.48576  0.95510
     48   3.05515  5.77663  2.20620  1.42482  4.45700  3.01830  3.67641  3.85253  2.07884  4.08238  4.81700  2.78860  3.84319  2.81569  2.94574  2.77563  3.24889  4.16786  3.82423  4.79703     55 - -
          2.68618  4.42225  2.77519  2.73123  3.46354  2.40513  3.72494  3.29354  2.67741  2.69355  4.24690  2.90347  2.73739  3.18146  2.89801  2.37887  2.77519  2.98518  4.58477  3.61503
          0.00468  5.76261  6.48496  0.61958  0.77255  0.48576  0.95510
     49   2.98693  5.77587  2.51275  2.45244  5.12160  1.52837  3.69707  4.60805  2.20819  3.42736  4.81636  2.55984  4.43061  3.11106  3.13018  2.70581  2.43609  4.16686  6.20814  3.82056     56 - -
          2.68607  4.42046  2.77510  2.73130  3.46381  2.40484  3.72521  3.29381  2.67679  2.69382  4.24716  2.90352  2.73747  3.18173  2.89827  2.37913  2.77546  2.98451  4.58504  3.61530
          0.12224  2.17564  6.48496  0.96524  0.47948  0.48576  0.95510
     50   5.01000  0.07148  6.58693  6.58388  5.28641  5.41134  6.48122  6.02511  6.40665  5.53482  6.76808  6.25705  6.15227  6.63830  6.32453  5.24046  5.54448  5.67314  6.78516  3.99497     60 - -
          2.68618  4.42225  2.77519  2.73123  3.46354  2.40513  3.72494  3.29354  2.67741  2.69355  4.24690  2.90347  2.73739  3.18146  2.89801  2.37887  2.77519  2.98518  4.58477  3.61503
          0.00468  5.76261  6.48496  0.61958  0.77255  0.48576  0.95510
     51   3.26366  4.76793  2.64205  2.41642  5.11886  3.75134  4.22453  4.60472  1.79422  2.98532  4.81464  3.11744  1.54367  2.86174  3.05140  2.79283  2.80742  3.93297  6.20669  4.79584     61 - -
          2.68618  4.42225  2.77519  2.73123  3.46354  2.40513  3.72494  3.29354  2.67741  2.69355  4.24690  2.90347  2.73739  3.18146  2.89801  2.37887  2.77519  2.98518  4.58477  3.61503
          0.00468  5.76261  6.48496  0.61958  0.77255  0.48576  0.95510
     52   5.80846  4.18739  6.62177  6.61987  2.39538  6.23577  4.82322  5.36139  6.37189  4.47793  5.86920  5.75601  6.48416  5.95024  6.11406  5.65250  5.99936  5.32237  0.25246  2.81078     62 - -
          2.68618  4.42225  2.77519  2.73123  3.46354  2.40513  3.72494  3.29354  2.67741  2.69355  4.24690  2.90347  2.73739  3.18146  2.89801  2.37887  2.77519  2.98518  4.58477  3.61503
          0.00468  5.76261  6.48496  0.61958  0.77255  0.48576  0.95510
     53   3.09465  4.51397  3.79099  3.05108  3.21388  4.15688  3.29982  3.46254  2.32779  3.17655  3.66512  3.36262  4.54430  3.19268  1.18970  2.91831  3.33428  2.97762  5.87685  2.97778     63 - -
          2.68618  4.42225  2.77519  2.73123  3.46354  2.40513  3.72494  3.29354  2.67741  2.69355  4.24690  2.90347  2.73739  3.18146  2.89801  2.37887  2.77519  2.98518  4.58477  3.61503
          0.00468  5.76261  6.48496  0.61958  0.77255  0.48576  0.95510
     54   4.07007  2.88585  6.11833  5.55707  3.51936  5.43447  5.86918  1.27935  5.40014  1.43538  3.52153  5.60472  5.70491  5.51587  5.42952  4.79058  4.30830  1.24269  6.23182  5.08673     64 - -
          2.68618  4.42225  2.77519  2.73123  3.46354  2.40513  3.72494  3.29354  2.67741  2.69355  4.24690  2.90347  2.73739  3.18146  2.89801  2.37887  2.77519  2.98518  4.58477  3.61503
          0.00468  5.76261  6.48496  0.61958  0.77255  0.48576  0.95510
     55   3.29696  4.13439  3.87453  3.15753  3.78896  3.90541  2.22589  3.83010  2.93584  2.41540  3.78385  2.65740  4.57475  3.46404  1.86842  3.24695  2.99664  3.08507  5.80916  1.94891     65 - -
          2.68618  4.42225  2.77519  2.73123  3.46354  2.40513  3.72494  3.29354  2.67741  2.69355  4.24690  2.90347  2.73739  3.18146  2.89801  2.37887  2.77519  2.98518  4.58477  3.61503
          0.00468  5.76261  6.48496  0.61958  0.77255  0.48576  0.95510
     56   0.86336  2.54630  5.18503  4.58589  3.60177  2.70263  4.86517  2.89877  4.40526  2.40287  3.90888  4.63579  4.88570  4.56582  4.46934  3.12139  3.60661  2.59114  5.41239  4.23286     66 - -
          2.68618  4.42225  2.77519  2.73123  3.46354  2.40513  3.72494  3.29354  2.67741  2.69355  4.24690  2.90347  2.73739  3.18146  2.89801  2.37887  2.77519  2.98518  4.58477  3.61503
          0.00468  5.76261  6.48496  0.61958  0.77255  0.48576  0.95510
     57   2.09905  4.03836  3.70176  3.14339  4.69044  4.12088  2.94152  4.10303  2.83096  3.71445  4.53223  3.65946  4.51065  3.48309  2.64860  1.19940  2.45459  3.37063  5.96690  3.19960     67 - -
          2.68618  4.42225  2.77519  2.73123  3.46354  2.40513  3.72494  3.29354  2.67741  2.69355  4.24690  2.90347  2.73739  3.18146  2.89801  2.37887  2.77519  2.98518  4.58477  3.61503
          0.00468  5.76261  6.48496  0.61958  0.77255  0.48576  0.95510
     58   3.28407  3.61310  3.72111  2.47451  3.42112  4.12866  3.28572  3.24276  1.62992  2.74772  4.08911  3.38238  4.08607  2.93336  2.24923  3.33480  2.91018  2.65259  5.94217  2.94750     68 - -
          2.68618  4.42225  2.77519  2.73123  3.46354  2.40513  3.72494  3.29354  2.67741  2.69355  4.24690  2.90347  2.73739  3.18146  2.89801  2.37887  2.77519  2.98518  4.58477  3.61503
          0.00468  5.76261  6.48496  0.61958  0.77255  0.48576  0.95510
     59   3.01014  5.74344  2.30752  2.44341  5.07515  3.11382  3.92799  3.74718  2.79740  2.34041  2.91637  3.25773  3.52950  2.42523  2.86375  2.60127  2.44539  2.64254  6.18421  4.78145     69 - -
          2.68618  4.42225  2.77519  2.73123  3.46354  2.40513  3.72494  3.29354  2.67741  2.69355  4.24690  2.90347  2.73739  3.18146  2.89801  2.37887  2.77519  2.98518  4.58477  3.61503
          0.00468  5.76261  6.48496  0.61958  0.77255  0.48576  0.95510
     60   2.92637  5.77750  3.22874  2.29896  5.12388  2.95160  3.64315  4.61078  1.56284  4.08333  4.81783  2.93467  2.49469  2.82536  2.71026  1.93855  3.13680  4.16885  6.20938  4.79764     70 - -
          2.68618  4.42225  2.77519  2.73123  3.46354  2.40513  3.72494  3.29354  2.67741  2.69355  4.24690  2.90347  2.73739  3.18146  2.89801  2.37887  2.77519  2.98518  4.58477  3.61503
          0.00468  5.76261  6.48496  0.61958  0.77255  0.48576  0.95510
     61   3.16373  5.77693  1.99836  2.33411  5.12322  2.65881  3.86038  4.61005  2.06818  4.08273  4.81727  2.48403  3.99863  3.12766  2.04402  2.39652  3.04387  4.16822  4.18056  3.94840     71 - -
          2.68621  4.42228  2.77494  2.73126  3.46357  2.40503  3.72497  3.29357  2.67744  2.69358  4.24693  2.90349  2.73742  3.18149  2.89804  2.37890  2.77522  2.98521  4.58480  3.61506
          0.11167  3.30754  2.67282  0.25856  1.47913  0.48576  0.95510
     62   3.03815  4.28194  2.79399  2.49359  5.05142  3.19400  3.47375  3.31585  2.27289  3.34548  4.75710  2.99223  4.39281  2.98341  3.08786  1.55387  2.35880  3.27497  6.15183  3.56691     73 - -
          2.68618  4.42225  2.77519  2.73123  3.46354  2.40513  3.72494  3.29354  2.67741  2.69355  4.24690  2.90347  2.73739  3.18146  2.89801  2.37887  2.77519  2.98518  4.58477  3.61503
          0.00502  5.69269  6.41504  0.61958  0.77255  0.31915  1.29744
     63   3.26337  4.69500  2.01644  2.40003  5.12279  2.44796  3.02675  4.13986  1.85418  4.08236  4.81698  2.53828  3.17654  2.75470  3.19699  2.50177  3.31604  3.51991  6.20863  4.18039     74 - -
          2.68618  4.42225  2.77519  2.73123  3.46354  2.40513  3.72494  3.29354  2.67741  2.69355  4.24690  2.90347  2.73739  3.18146  2.89801  2.37887  2.77519  2.98518  4.58477  3.61503
          0.00468  5.76261  6.48496  0.61958  0.77255  0.48576  0.95510
     64   3.21139  2.86300  3.73718  3.19281  3.64466  2.98237  4.46973  2.88055  2.30195  2.47461  3.42304  3.39064  4.61767  3.23349  2.84211  2.38364  2.06457  3.16691  3.85073  2.94264     75 - -
          2.68618  4.42225  2.77519  2.73123  3.46354  2.40513  3.72494  3.29354  2.67741  2.69355  4.24690  2.90347  2.73739  3.18146  2.89801  2.37887  2.77519  2.98518  4.58477  3.61503
          0.00468  5.76261  6.48496  0.61958  0.77255  0.48576  0.95510
     65   3.06472  3.36606  5.33723  4.72100  1.36795  4.53088  4.86468  2.49812  4.50280  2.49799  2.74356  4.69764  4.89433  4.63127  4.50610  3.55454  3.59227  2.27328  2.03266  2.73971     76 - -
          2.68618  4.42225  2.77519  2.73123  3.46354  2.40513  3.72494  3.29354  2.67741  2.69355  4.24690  2.90347  2.73739  3.18146  2.89801  2.37887  2.77519  2.98518  4.58477  3.61503
          0.00468  5.76261  6.48496  0.61958  0.77255  0.48576  0.95510
     66   3.27932  4.02478  3.66872  2.19286  4.74191  4.10676  4.30940  3.36568  1.85372  3.37632  2.63312  3.63286  4.49680  1.87574  2.86571  2.49584  3.16822  2.60931  4.70568  4.09689     77 - -
          2.68618  4.42225  2.77519  2.73123  3.46354  2.40513  3.72494  3.29354  2.67741  2.69355  4.24690  2.90347  2.73739  3.18146  2.89801  2.37887  2.77519  2.98518  4.58477  3.61503
          0.00468  5.76261  6.48496  0.61958  0.77255  0.48576  0.95510
     67   4.50355  5.64836  6.70170  6.28680  4.03090  6.30997  7.28715  0.70963  6.30323  3.15268  4.77127  6.48178  6.45144  6.59318  6.51572  5.80564  4.76639  0.92373  7.42477  6.17451     78 - -
          2.68618  4.42225  2.77519  2.73123  3.46354  2.40513  3.72494  3.29354  2.67741  2.69355  4.24690  2.90347  2.73739  3.18146  2.89801  2.37887  2.77519  2.98518  4.58477  3.61503
          0.00315  5.76108        *  0.61958  0.77255  0.00000        *
//
