HMMER3/b [3.0b2 | June 2009]
NAME  FAR1
ACC   PF03101.8
DESC  FAR1 DNA-binding domain
LENG  91
ALPH  amino
RF    no
CS    no
MAP   yes
DATE  Fri Sep 18 00:53:06 2009
NSEQ  43
EFFN  2.002502
CKSUM 1134584199
GA    21.30 21.30;
TC    21.30 21.30;
NC    21.20 21.20;
BM    hmmbuild HMM.ann SEED.ann
SM    hmmsearch -Z 9421015 -E 1000 HMM pfamseq
STATS LOCAL MSV       -9.6639  0.71841
STATS LOCAL VITERBI  -10.2662  0.71841
STATS LOCAL FORWARD   -3.4631  0.71841
HMM          A        C        D        E        F        G        H        I        K        L        M        N        P        Q        R        S        T        V        W        Y   
            m->m     m->i     m->d     i->m     i->i     d->m     d->d
  COMPO   2.58544  3.54399  3.09658  2.58604  3.18963  3.00169  3.19307  3.17946  2.45572  2.81515  3.73422  2.92336  3.74337  2.98223  2.72446  2.62665  2.81534  2.84258  4.68061  3.25335
          2.68618  4.42225  2.77519  2.73123  3.46354  2.40513  3.72494  3.29354  2.67741  2.69355  4.24690  2.90347  2.73739  3.18146  2.89801  2.37887  2.77519  2.98518  4.58477  3.61503
          0.01466  4.62571  5.34806  0.61958  0.77255  0.00000        *
      1   2.57360  5.24196  2.39868  2.13828  4.58386  2.83348  3.70034  3.89652  2.11988  3.43682  4.28358  2.59335  3.90618  2.61972  2.62432  2.46900  2.85211  3.51791  5.67640  4.26725      1 - -
          2.68618  4.42225  2.77519  2.73123  3.46354  2.40513  3.72494  3.29354  2.67741  2.69355  4.24690  2.90347  2.73739  3.18146  2.89801  2.37887  2.77519  2.98518  4.58477  3.61503
          0.01466  4.62571  5.34806  0.61958  0.77255  0.48576  0.95510
      2   3.32786  4.09101  4.89476  4.38883  0.85310  4.38848  4.12985  2.95958  4.21609  2.35619  3.07564  4.33986  4.71195  4.28895  4.26531  3.71202  3.55512  2.87072  4.38909  2.36975      2 - -
          2.68618  4.42225  2.77519  2.73123  3.46354  2.40513  3.72494  3.29354  2.67741  2.69355  4.24690  2.90347  2.73739  3.18146  2.89801  2.37887  2.77519  2.98518  4.58477  3.61503
          0.03228  4.62571  3.81806  0.61958  0.77255  0.48576  0.95510
      3   4.67908  5.60334  5.51455  5.44622  1.55446  5.16201  3.79329  4.27104  5.22014  3.42644  4.78834  4.69065  5.41197  4.86459  5.01614  4.56493  4.86855  4.21634  3.13864  0.55382      3 - -
          2.68618  4.42225  2.77519  2.73123  3.46354  2.40513  3.72494  3.29354  2.67741  2.69355  4.24690  2.90347  2.73739  3.18146  2.89801  2.37887  2.77519  2.98518  4.58477  3.61503
          0.01492  4.60835  5.33070  0.61958  0.77255  0.51860  0.90474
      4   2.67930  4.17467  2.89631  2.50809  4.32772  3.53827  3.73442  3.76661  2.21553  3.11371  3.93173  1.90886  3.92967  2.75655  2.73585  2.42582  2.96318  2.89294  5.53027  3.85138      4 - -
          2.68618  4.42225  2.77519  2.73123  3.46354  2.40513  3.72494  3.29354  2.67741  2.69355  4.24690  2.90347  2.73739  3.18146  2.89801  2.37887  2.77519  2.98518  4.58477  3.61503
          0.01492  4.60835  5.33070  0.61958  0.77255  0.51860  0.90474
      5   2.35724  5.07671  2.82159  2.24258  2.94298  3.18812  3.72832  3.80326  2.32786  3.23551  4.13447  2.96350  3.92490  2.84991  2.58179  2.37985  2.50944  3.24848  5.54882  3.97577      5 - -
          2.68618  4.42225  2.77519  2.73123  3.46354  2.40513  3.72494  3.29354  2.67741  2.69355  4.24690  2.90347  2.73739  3.18146  2.89801  2.37887  2.77519  2.98518  4.58477  3.61503
          0.01492  4.60835  5.33070  0.61958  0.77255  0.46576  0.98794
      6   4.52204  5.57361  5.26673  5.10228  2.06340  5.05114  3.32945  4.23878  4.90032  3.43274  4.76406  4.60767  5.33342  4.73891  4.83313  4.44958  4.72653  4.16292  3.91494  0.42373      6 - -
          2.68618  4.42225  2.77519  2.73123  3.46354  2.40513  3.72494  3.29354  2.67741  2.69355  4.24690  2.90347  2.73739  3.18146  2.89801  2.37887  2.77519  2.98518  4.58477  3.61503
          0.01466  4.62571  5.34806  0.61958  0.77255  0.48576  0.95510
      7   0.56491  4.48765  4.17328  3.98561  4.97161  2.37872  4.95353  4.41335  4.07231  4.11265  4.90543  3.88701  4.09467  4.28187  4.29342  2.46125  3.10620  3.70557  6.31694  5.17731      7 - -
          2.68618  4.42225  2.77519  2.73123  3.46354  2.40513  3.72494  3.29354  2.67741  2.69355  4.24690  2.90347  2.73739  3.18146  2.89801  2.37887  2.77519  2.98518  4.58477  3.61503
          0.01466  4.62571  5.34806  0.61958  0.77255  0.48576  0.95510
      8   2.62078  4.37718  3.16651  2.52825  4.12325  2.99880  3.06644  3.53318  2.36872  2.74191  3.97073  2.97177  3.96848  2.94545  2.40611  2.64658  2.85287  3.22192  4.82628  2.46894      8 - -
          2.68618  4.42225  2.77519  2.73123  3.46354  2.40513  3.72494  3.29354  2.67741  2.69355  4.24690  2.90347  2.73739  3.18146  2.89801  2.37887  2.77519  2.98518  4.58477  3.61503
          0.01466  4.62571  5.34806  0.61958  0.77255  0.48576  0.95510
      9   2.65308  4.66144  2.89338  2.14332  4.08034  3.40159  3.73108  3.82811  2.28234  2.61399  3.29782  2.96203  3.92861  2.67779  2.19342  2.54277  2.89218  3.36462  5.56398  4.19145      9 - -
          2.68618  4.42225  2.77519  2.73123  3.46354  2.40513  3.72494  3.29354  2.67741  2.69355  4.24690  2.90347  2.73739  3.18146  2.89801  2.37887  2.77519  2.98518  4.58477  3.61503
          0.01466  4.62571  5.34806  0.61958  0.77255  0.48576  0.95510
     10   1.98161  3.96528  4.12878  3.54509  3.34711  3.83065  4.12972  2.55321  3.18240  2.23783  2.77364  3.78233  4.20178  3.66916  3.46956  2.81028  2.62220  1.73760  4.85094  3.65543     10 - -
          2.68618  4.42225  2.77519  2.73123  3.46354  2.40513  3.72494  3.29354  2.67741  2.69355  4.24690  2.90347  2.73739  3.18146  2.89801  2.37887  2.77519  2.98518  4.58477  3.61503
          0.01466  4.62571  5.34806  0.61958  0.77255  0.48576  0.95510
     11   3.28848  5.13909  4.00704  3.91327  5.24965  0.32978  5.04970  4.90763  3.96587  4.49131  5.40333  4.15088  4.53508  4.38445  3.42542  3.45116  3.78538  4.32325  6.33890  5.30731     11 - -
          2.68618  4.42225  2.77519  2.73123  3.46354  2.40513  3.72494  3.29354  2.67741  2.69355  4.24690  2.90347  2.73739  3.18146  2.89801  2.37887  2.77519  2.98518  4.58477  3.61503
          0.01466  4.62571  5.34806  0.61958  0.77255  0.48576  0.95510
     12   4.39025  5.57742  5.30169  5.20122  0.29801  4.78541  4.45100  3.90340  5.11243  3.11488  4.54055  4.96556  5.26161  5.08391  5.04463  4.58021  4.70843  3.93915  4.57156  2.88439     12 - -
          2.68618  4.42225  2.77519  2.73123  3.46354  2.40513  3.72494  3.29354  2.67741  2.69355  4.24690  2.90347  2.73739  3.18146  2.89801  2.37887  2.77519  2.98518  4.58477  3.61503
          0.01466  4.62571  5.34806  0.61958  0.77255  0.48576  0.95510
     13   2.68122  5.04192  2.79499  2.52828  4.12022  2.87956  3.75413  3.76690  2.48444  3.33254  4.12058  3.05772  3.35842  2.88278  2.86377  1.61249  2.70419  3.00563  5.53893  4.17849     13 - -
          2.68618  4.42225  2.77519  2.73123  3.46354  2.40513  3.72494  3.29354  2.67741  2.69355  4.24690  2.90347  2.73739  3.18146  2.89801  2.37887  2.77519  2.98518  4.58477  3.61503
          0.01466  4.62571  5.34806  0.61958  0.77255  0.48576  0.95510
     14   2.84848  4.26942  4.48159  3.89784  3.41292  3.66115  4.35199  1.87265  3.75918  2.22827  3.27633  4.05071  4.37020  3.96421  3.89954  3.13915  2.10505  1.43478  4.96754  3.77796     14 - -
          2.68618  4.42225  2.77519  2.73123  3.46354  2.40513  3.72494  3.29354  2.67741  2.69355  4.24690  2.90347  2.73739  3.18146  2.89801  2.37887  2.77519  2.98518  4.58477  3.61503
          0.01466  4.62571  5.34806  0.61958  0.77255  0.48576  0.95510
     15   2.70226  3.57733  3.40816  2.83924  3.85084  3.66263  3.88839  3.04125  2.38208  2.90121  3.76829  3.30098  4.04988  3.12298  1.72712  2.67227  2.88802  2.27785  5.22528  3.95909     15 - -
          2.68618  4.42225  2.77519  2.73123  3.46354  2.40513  3.72494  3.29354  2.67741  2.69355  4.24690  2.90347  2.73739  3.18146  2.89801  2.37887  2.77519  2.98518  4.58477  3.61503
          0.01466  4.62571  5.34806  0.61958  0.77255  0.48576  0.95510
     16   2.75637  4.68290  3.37513  2.80784  3.86040  3.65633  3.87290  2.25185  2.03099  2.71292  3.59990  2.99534  4.03963  3.10068  2.32104  2.80101  2.91249  2.47006  5.23070  3.95906     16 - -
          2.68618  4.42225  2.77519  2.73123  3.46354  2.40513  3.72494  3.29354  2.67741  2.69355  4.24690  2.90347  2.73739  3.18146  2.89801  2.37887  2.77519  2.98518  4.58477  3.61503
          0.01466  4.62571  5.34806  0.61958  0.77255  0.48576  0.95510
     17   2.34767  5.12041  2.89464  2.40195  4.41611  2.72544  3.72504  3.86862  2.24519  3.17674  3.94471  2.85009  3.92411  2.84021  2.72593  2.19567  2.52899  3.29820  5.58388  3.51455     17 - -
          2.68618  4.42225  2.77519  2.73123  3.46354  2.40513  3.72494  3.29354  2.67741  2.69355  4.24690  2.90347  2.73739  3.18146  2.89801  2.37887  2.77519  2.98518  4.58477  3.61503
          0.02589  4.62571  4.15039  0.61958  0.77255  0.48576  0.95510
     18   2.53805  5.13707  3.02849  2.47187  4.44007  3.52566  2.66436  3.89701  2.22017  3.32253  4.18914  2.70115  3.68763  2.55397  2.52303  2.29237  2.74214  3.30913  4.85600  3.46200     18 - -
          2.68618  4.42225  2.77519  2.73123  3.46354  2.40513  3.72494  3.29354  2.67741  2.69355  4.24690  2.90347  2.73739  3.18146  2.89801  2.37887  2.77519  2.98518  4.58477  3.61503
          0.03079  4.61465  3.89142  0.61958  0.77255  0.50687  0.92225
     19   2.67537  4.46214  3.12893  2.38800  3.96673  3.55965  2.73038  3.58313  2.49064  2.77220  3.68745  2.47412  3.94940  2.76528  2.94628  2.11237  2.86563  3.13889  4.83250  3.68781     19 - -
          2.68618  4.42225  2.77519  2.73123  3.46354  2.40513  3.72494  3.29354  2.67741  2.69355  4.24690  2.90347  2.73739  3.18146  2.89801  2.37887  2.77519  2.98518  4.58477  3.61503
          0.01506  4.59892  5.32127  0.61958  0.77255  0.53576  0.88002
     20   2.63569  5.03830  2.99507  2.46158  3.87137  3.41143  3.14434  3.74557  2.25458  3.31109  4.09942  2.72835  3.92896  2.86239  2.28121  2.55916  2.80854  3.38841  4.53370  2.50660     20 - -
          2.68618  4.42225  2.77519  2.73123  3.46354  2.40513  3.72494  3.29354  2.67741  2.69355  4.24690  2.90347  2.73739  3.18146  2.89801  2.37887  2.77519  2.98518  4.58477  3.61503
          0.01506  4.59892  5.32127  0.61958  0.77255  0.53576  0.88002
     21   2.68119  5.11721  3.05953  2.39851  3.82179  3.54123  3.04558  3.86171  1.77391  3.39755  4.17247  3.03290  3.93170  2.84153  2.13175  2.67330  2.67671  3.48240  5.57498  3.42133     21 - -
          2.68618  4.42225  2.77519  2.73123  3.46354  2.40513  3.72494  3.29354  2.67741  2.69355  4.24690  2.90347  2.73739  3.18146  2.89801  2.37887  2.77519  2.98518  4.58477  3.61503
          0.02888  4.59892  3.99505  0.61958  0.77255  0.53576  0.88002
     22   2.72708  5.04615  2.96967  2.50281  3.77059  3.53159  3.72954  3.76042  2.36249  3.32183  4.10793  2.61297  3.92423  2.71822  2.78308  1.70213  2.52812  3.07677  5.52467  4.16171     22 - -
          2.68629  4.42236  2.77531  2.73135  3.46365  2.40524  3.72506  3.29365  2.67696  2.69366  4.24701  2.90358  2.73751  3.18158  2.89812  2.37857  2.77469  2.98530  4.58488  3.61514
          0.35727  1.88575  1.90583  0.98302  0.46869  0.47344  0.97513
     23   2.66402  5.15825  2.90658  2.45052  4.48860  3.36678  3.67450  3.94643  1.73033  3.44689  3.98446  2.98566  3.89594  2.51069  2.04243  2.58446  2.86422  3.41549  5.59121  4.21565     26 - -
          2.68618  4.42225  2.77519  2.73123  3.46354  2.40513  3.72494  3.29354  2.67741  2.69355  4.24690  2.90347  2.73739  3.18146  2.89801  2.37887  2.77519  2.98518  4.58477  3.61503
          0.01725  4.46431  5.18665  0.61958  0.77255  0.73969  0.64868
     24   2.56964  5.03358  2.76963  2.39258  3.74103  3.34136  3.56966  3.44176  2.18040  3.17837  3.72886  2.63606  3.87941  2.80370  2.16260  2.68309  2.69549  3.19335  5.50505  4.13507     27 - -
          2.68618  4.42225  2.77519  2.73123  3.46354  2.40513  3.72494  3.29354  2.67741  2.69355  4.24690  2.90347  2.73739  3.18146  2.89801  2.37887  2.77519  2.98518  4.58477  3.61503
          0.01725  4.46431  5.18665  0.61958  0.77255  0.52381  0.89712
     25   2.73117  5.12499  2.18169  2.45670  4.01490  2.87536  3.71974  3.89434  2.48451  3.18003  4.19395  2.14323  3.90962  2.83536  2.97101  2.44152  2.42638  3.50199  5.59959  4.21494     28 - -
          2.68618  4.42225  2.77519  2.73123  3.46354  2.40513  3.72494  3.29354  2.67741  2.69355  4.24690  2.90347  2.73739  3.18146  2.89801  2.37887  2.77519  2.98518  4.58477  3.61503
          0.01582  4.55032  5.27267  0.61958  0.77255  0.61753  0.77496
     26   2.72093  5.11833  2.65133  2.32474  4.41969  1.92982  3.70248  3.51561  2.29132  3.26950  4.17184  2.99434  3.90231  2.67160  2.82191  2.70564  2.59255  3.37406  5.57783  4.19564     29 - -
          2.68618  4.42225  2.77519  2.73123  3.46354  2.40513  3.72494  3.29354  2.67741  2.69355  4.24690  2.90347  2.73739  3.18146  2.89801  2.37887  2.77519  2.98518  4.58477  3.61503
          0.15196  4.55032  2.03705  0.61958  0.77255  0.61753  0.77496
     27   2.56156  4.89390  2.98544  1.89583  3.84735  3.49779  3.70034  3.17235  2.35938  3.03599  3.96288  3.02313  3.88808  2.74326  2.87986  2.41077  2.69837  2.71444  5.39218  4.05207     30 - -
          2.68618  4.42225  2.77519  2.73123  3.46354  2.40513  3.72494  3.29354  2.67741  2.69355  4.24690  2.90347  2.73739  3.18146  2.89801  2.37887  2.77519  2.98518  4.58477  3.61503
          0.01810  4.41647  5.13881  0.61958  0.77255  0.48570  0.95520
     28   2.65706  3.59579  4.35240  3.75829  2.89448  3.85187  4.16962  1.66978  3.16137  2.34416  3.27304  3.89762  4.00267  3.80392  3.50601  3.14820  2.59971  1.79743  4.77927  3.59356     31 - -
          2.68618  4.42225  2.77519  2.73123  3.46354  2.40513  3.72494  3.29354  2.67741  2.69355  4.24690  2.90347  2.73739  3.18146  2.89801  2.37887  2.77519  2.98518  4.58477  3.61503
          0.01582  4.55032  5.27267  0.61958  0.77255  0.56527  0.83981
     29   2.71853  4.41548  3.63569  2.97595  3.54878  3.70765  3.96363  2.16709  2.66304  2.38579  3.29516  3.46085  4.08609  3.31234  2.92474  2.70248  2.06946  2.63173  5.00020  3.02289     32 - -
          2.68618  4.42225  2.77519  2.73123  3.46354  2.40513  3.72494  3.29354  2.67741  2.69355  4.24690  2.90347  2.73739  3.18146  2.89801  2.37887  2.77519  2.98518  4.58477  3.61503
          0.01553  4.56851  5.29085  0.61958  0.77255  0.45662  1.00354
     30   2.59299  3.83271  2.82091  2.52520  3.81244  3.34067  3.44893  3.72137  2.16393  3.29409  3.54502  2.89385  3.93680  2.74359  2.25678  2.32639  2.87862  3.22921  4.44952  3.88259     33 - -
          2.68618  4.42225  2.77519  2.73123  3.46354  2.40513  3.72494  3.29354  2.67741  2.69355  4.24690  2.90347  2.73739  3.18146  2.89801  2.37887  2.77519  2.98518  4.58477  3.61503
          0.01483  4.61465  5.33700  0.61958  0.77255  0.47278  0.97621
     31   2.39946  4.89425  3.17662  2.61656  3.81008  3.58482  3.35160  3.52874  2.18523  2.87146  3.96896  3.12879  3.97333  2.86646  2.00895  2.63697  2.97410  2.85497  5.40413  3.07029     34 - -
          2.68618  4.42225  2.77519  2.73123  3.46354  2.40513  3.72494  3.29354  2.67741  2.69355  4.24690  2.90347  2.73739  3.18146  2.89801  2.37887  2.77519  2.98518  4.58477  3.61503
          0.01466  4.62571  5.34806  0.61958  0.77255  0.48576  0.95510
     32   2.67737  5.12727  2.80003  2.32371  4.03763  3.53181  3.36410  3.87905  2.29502  3.41200  4.18071  3.02050  3.92396  2.58873  2.28390  2.72550  2.04969  3.16666  3.98497  4.20887     35 - -
          2.68618  4.42225  2.77519  2.73123  3.46354  2.40513  3.72494  3.29354  2.67741  2.69355  4.24690  2.90347  2.73739  3.18146  2.89801  2.37887  2.77519  2.98518  4.58477  3.61503
          0.01466  4.62571  5.34806  0.61958  0.77255  0.48576  0.95510
     33   3.68066  4.95026  5.16725  4.73672  1.00668  4.68047  4.10379  3.15478  4.55384  1.74088  3.38896  4.54740  4.96109  4.52047  4.54124  4.02275  3.89852  3.15004  4.26809  1.79837     36 - -
          2.68618  4.42225  2.77519  2.73123  3.46354  2.40513  3.72494  3.29354  2.67741  2.69355  4.24690  2.90347  2.73739  3.18146  2.89801  2.37887  2.77519  2.98518  4.58477  3.61503
          0.01466  4.62571  5.34806  0.61958  0.77255  0.48576  0.95510
     34   2.68570  3.59017  3.42635  2.76036  3.75999  3.50864  3.89832  3.01758  2.47681  2.82179  3.50441  2.94975  4.04779  3.01970  2.65441  2.82953  2.88562  1.77944  5.16096  3.37648     37 - -
          2.68618  4.42225  2.77519  2.73123  3.46354  2.40513  3.72494  3.29354  2.67741  2.69355  4.24690  2.90347  2.73739  3.18146  2.89801  2.37887  2.77519  2.98518  4.58477  3.61503
          0.01466  4.62571  5.34806  0.61958  0.77255  0.48576  0.95510
     35   3.74052  0.18594  5.29805  5.23753  5.17180  4.14748  5.74067  4.54064  5.11562  4.36815  5.52865  5.06899  4.89356  5.42681  5.08481  4.00659  4.26691  4.20794  6.32921  5.43465     38 - -
          2.68618  4.42225  2.77519  2.73123  3.46354  2.40513  3.72494  3.29354  2.67741  2.69355  4.24690  2.90347  2.73739  3.18146  2.89801  2.37887  2.77519  2.98518  4.58477  3.61503
          0.01466  4.62571  5.34806  0.61958  0.77255  0.48576  0.95510
     36   2.58026  4.26127  3.30278  2.74812  3.96334  3.60205  3.86452  3.13297  2.73039  3.01225  3.86085  2.05291  4.00872  3.06797  3.16151  1.78667  2.75682  3.07079  5.31135  3.09369     39 - -
          2.68618  4.42225  2.77519  2.73123  3.46354  2.40513  3.72494  3.29354  2.67741  2.69355  4.24690  2.90347  2.73739  3.18146  2.89801  2.37887  2.77519  2.98518  4.58477  3.61503
          0.01466  4.62571  5.34806  0.61958  0.77255  0.48576  0.95510
     37   2.82383  4.14364  3.26191  2.67962  4.23529  3.64244  3.80211  3.63684  1.72216  2.72602  3.37030  3.05164  4.02475  2.95551  1.79353  2.76473  3.04646  3.32362  5.46304  4.15828     40 - -
          2.68618  4.42225  2.77519  2.73123  3.46354  2.40513  3.72494  3.29354  2.67741  2.69355  4.24690  2.90347  2.73739  3.18146  2.89801  2.37887  2.77519  2.98518  4.58477  3.61503
          0.01466  4.62571  5.34806  0.61958  0.77255  0.48576  0.95510
     38   2.62308  5.10272  3.04719  1.73431  4.38836  3.14195  3.54619  3.83740  2.49567  3.38273  4.15960  3.03301  3.93221  2.18589  2.97455  2.47483  2.97475  3.46233  3.88363  3.19603     41 - -
          2.68618  4.42225  2.77519  2.73123  3.46354  2.40513  3.72494  3.29354  2.67741  2.69355  4.24690  2.90347  2.73739  3.18146  2.89801  2.37887  2.77519  2.98518  4.58477  3.61503
          0.01466  4.62571  5.34806  0.61958  0.77255  0.48576  0.95510
     39   2.71629  4.67957  3.68246  3.36602  4.65380  0.75254  4.44604  4.08549  3.25372  3.74174  4.58059  3.61796  4.12462  3.68574  2.92933  2.70015  3.16501  3.20430  5.95072  4.71435     42 - -
          2.68618  4.42225  2.77519  2.73123  3.46354  2.40513  3.72494  3.29354  2.67741  2.69355  4.24690  2.90347  2.73739  3.18146  2.89801  2.37887  2.77519  2.98518  4.58477  3.61503
          0.01466  4.62571  5.34806  0.61958  0.77255  0.48576  0.95510
     40   2.73892  4.79982  3.12036  2.67665  2.45523  3.60407  3.57806  3.17691  1.85221  2.86370  3.88149  3.17602  3.99145  2.81640  2.90808  2.57984  2.81655  3.03800  5.32798  3.38381     43 - -
          2.68618  4.42225  2.77519  2.73123  3.46354  2.40513  3.72494  3.29354  2.67741  2.69355  4.24690  2.90347  2.73739  3.18146  2.89801  2.37887  2.77519  2.98518  4.58477  3.61503
          0.01466  4.62571  5.34806  0.61958  0.77255  0.48576  0.95510
     41   2.52672  5.19944  2.92286  2.45124  4.52473  3.26678  3.58641  3.62802  2.22518  3.49586  3.91437  2.44834  2.95357  2.64152  2.05773  2.63990  2.84162  3.57946  5.64381  4.24610     44 - -
          2.68618  4.42225  2.77519  2.73123  3.46354  2.40513  3.72494  3.29354  2.67741  2.69355  4.24690  2.90347  2.73739  3.18146  2.89801  2.37887  2.77519  2.98518  4.58477  3.61503
          0.01466  4.62571  5.34806  0.61958  0.77255  0.48576  0.95510
     42   2.43493  5.23975  2.65418  2.10473  4.58115  3.17487  3.48072  4.06452  2.10776  3.25013  4.28145  2.84602  3.60319  2.62427  2.59941  2.34756  2.67359  3.62843  5.67455  4.26580     45 - -
          2.68618  4.42225  2.77519  2.73123  3.46354  2.40513  3.72494  3.29354  2.67741  2.69355  4.24690  2.90347  2.73739  3.18146  2.89801  2.37887  2.77519  2.98518  4.58477  3.61503
          0.01466  4.62571  5.34806  0.61958  0.77255  0.48576  0.95510
     43   2.73690  4.44028  2.64031  2.02094  4.51102  3.51990  3.42564  3.77798  2.22017  3.01771  4.04677  2.85846  2.67347  2.75996  2.80011  2.46953  2.87984  3.56745  5.63660  3.66639     46 - -
          2.68618  4.42225  2.77519  2.73123  3.46354  2.40513  3.72494  3.29354  2.67741  2.69355  4.24690  2.90347  2.73739  3.18146  2.89801  2.37887  2.77519  2.98518  4.58477  3.61503
          0.03452  4.62571  3.72407  0.61958  0.77255  0.48576  0.95510
     44   2.73144  4.69268  2.55710  2.04242  4.57170  3.33250  3.69399  4.05439  2.15374  3.40194  4.27307  2.69289  3.43952  2.70308  2.25586  2.41587  2.85922  3.46885  5.66640  4.25832     47 - -
          2.68618  4.42225  2.77519  2.73123  3.46354  2.40513  3.72494  3.29354  2.67741  2.69355  4.24690  2.90347  2.73739  3.18146  2.89801  2.37887  2.77519  2.98518  4.58477  3.61503
          0.02867  4.60615  4.00227  0.61958  0.77255  0.52266  0.89880
     45   2.60487  5.19936  2.47452  2.32848  4.52897  2.96929  3.53848  3.68331  1.98960  3.22944  4.24412  2.97942  3.42379  2.54452  2.78475  2.43284  2.84342  3.21582  5.64138  3.98653     48 - -
          2.68618  4.42225  2.77519  2.73123  3.46354  2.40513  3.72494  3.29354  2.67741  2.69355  4.24690  2.90347  2.73739  3.18146  2.89801  2.37887  2.77519  2.98518  4.58477  3.61503
          0.03036  4.59263  3.92332  0.61958  0.77255  0.54696  0.86442
     46   2.61816  4.57044  2.80866  2.27334  4.16603  3.16424  3.69562  3.95219  1.80918  3.18939  3.96446  2.72511  3.89845  2.72346  2.53443  2.51978  2.81717  3.42245  5.61507  3.89249     49 - -
          2.68618  4.42225  2.77519  2.73123  3.46354  2.40513  3.72494  3.29354  2.67741  2.69355  4.24690  2.90347  2.73739  3.18146  2.89801  2.37887  2.77519  2.98518  4.58477  3.61503
          0.01539  4.57766  5.30001  0.61958  0.77255  0.57285  0.82992
     47   2.44980  5.19747  2.53996  2.24917  4.16013  3.09911  3.55326  4.00409  2.18102  3.24741  4.24195  2.52137  3.62423  2.79046  2.80824  2.38946  2.60107  3.58035  5.63885  3.72823     50 - -
          2.68632  4.42243  2.77573  2.72508  3.46438  2.40573  3.72598  3.29389  2.67798  2.69407  4.24793  2.90403  2.73789  3.18071  2.89897  2.37933  2.77522  2.98480  4.58580  3.61606
          1.10897  1.03451  1.15613  2.27695  0.10825  0.57285  0.82992
     48   2.45864  4.84904  2.75437  2.38957  4.10231  3.24734  3.64368  3.52497  2.43590  2.84293  3.92277  2.78789  3.56224  2.78690  2.76553  2.47926  2.30350  2.92645  5.35019  4.00710     78 - -
          2.68618  4.42225  2.77519  2.73123  3.46354  2.40513  3.72494  3.29354  2.67741  2.69355  4.24690  2.90347  2.73739  3.18146  2.89801  2.37887  2.77519  2.98518  4.58477  3.61503
          0.02237  4.20702  4.92936  0.61958  0.77255  0.64080  0.74839
     49   2.66936  5.07168  2.73504  2.00645  4.37404  3.09047  3.65187  3.83100  2.29465  3.35852  3.80323  2.73021  3.85152  2.67062  2.83322  2.54275  2.55347  2.64848  5.53075  4.14690     79 - -
          2.68618  4.42225  2.77519  2.73123  3.46354  2.40513  3.72494  3.29354  2.67741  2.69355  4.24690  2.90347  2.73739  3.18146  2.89801  2.37887  2.77519  2.98518  4.58477  3.61503
          0.01853  4.39326  5.11561  0.61958  0.77255  0.64863  0.73974
     50   2.61904  5.17531  2.87040  2.16685  4.51041  3.27685  3.52562  3.98822  2.08119  3.34850  4.21900  2.93939  3.30882  2.28549  2.42248  2.43017  2.83106  3.39412  5.61323  4.21006     80 - -
          2.68618  4.42225  2.77519  2.73123  3.46354  2.40513  3.72494  3.29354  2.67741  2.69355  4.24690  2.90347  2.73739  3.18146  2.89801  2.37887  2.77519  2.98518  4.58477  3.61503
          0.01720  4.46711  5.18946  0.61958  0.77255  0.69677  0.68954
     51   2.47271  5.15138  2.96356  2.03147  4.47541  2.92868  3.37281  3.47507  2.08055  3.44709  4.19795  2.87830  3.68450  2.67742  2.49805  2.51837  2.79079  3.43444  5.59636  4.19978     81 - -
          2.68618  4.42225  2.77519  2.73123  3.46354  2.40513  3.72494  3.29354  2.67741  2.69355  4.24690  2.90347  2.73739  3.18146  2.89801  2.37887  2.77519  2.98518  4.58477  3.61503
          0.01695  4.48191  5.20426  0.61958  0.77255  0.64953  0.73876
     52   2.67251  5.05793  3.08328  2.51722  4.34900  3.53871  3.71355  3.51447  2.09785  3.33208  4.12120  2.93972  3.53821  2.76743  1.74072  2.44152  2.97123  3.00767  5.52019  4.17105     82 - -
          2.68618  4.42225  2.77519  2.73123  3.46354  2.40513  3.72494  3.29354  2.67741  2.69355  4.24690  2.90347  2.73739  3.18146  2.89801  2.37887  2.77519  2.98518  4.58477  3.61503
          0.01652  4.50704  5.22938  0.61958  0.77255  0.53702  0.87824
     53   2.65068  4.73937  3.00161  2.34945  4.14092  3.50735  3.53981  3.64050  2.06461  3.46105  4.21593  2.53752  3.89948  2.42055  1.99924  2.59019  2.89003  3.54604  5.61336  4.22230     83 - -
          2.68625  4.42174  2.77526  2.73130  3.46339  2.40512  3.72501  3.29361  2.67727  2.69362  4.24697  2.90353  2.73735  3.18136  2.89795  2.37894  2.77515  2.98525  4.58484  3.61484
          0.07035  2.76692  5.28368  1.20764  0.35511  0.51667  0.90759
     54   2.66114  5.18507  2.99597  2.31230  4.50834  3.51027  3.69994  3.97830  2.31273  3.48043  4.23209  2.33268  2.87226  2.58403  2.66340  2.41034  2.26768  3.56406  5.63052  3.77997     89 - -
          2.68618  4.42225  2.77519  2.73123  3.46354  2.40513  3.72494  3.29354  2.67741  2.69355  4.24690  2.90347  2.73739  3.18146  2.89801  2.37887  2.77519  2.98518  4.58477  3.61503
          0.01519  4.59028  5.31263  0.61958  0.77255  0.55110  0.85877
     55   2.75236  5.16135  3.04276  2.48237  4.47618  3.38892  3.56145  3.93204  2.32734  3.30137  3.75272  2.21875  3.92631  2.61343  1.86853  2.54450  2.71325  3.53625  5.60741  4.22984     90 - -
          2.68618  4.42225  2.77519  2.73123  3.46354  2.40513  3.72494  3.29354  2.67741  2.69355  4.24690  2.90347  2.73739  3.18146  2.89801  2.37887  2.77519  2.98518  4.58477  3.61503
          0.01519  4.59028  5.31263  0.61958  0.77255  0.55110  0.85877
     56   2.14439  4.85955  3.05621  2.39467  3.86643  3.57201  3.78061  3.07547  2.31021  2.90078  3.56958  2.99489  2.87669  2.94642  2.95166  2.61035  2.83732  2.64164  5.37514  4.05520     91 - -
          2.68618  4.42225  2.77519  2.73123  3.46354  2.40513  3.72494  3.29354  2.67741  2.69355  4.24690  2.90347  2.73739  3.18146  2.89801  2.37887  2.77519  2.98518  4.58477  3.61503
          0.01519  4.59028  5.31263  0.61958  0.77255  0.55110  0.85877
     57   2.72586  4.80679  3.01642  2.16818  4.01388  3.41305  3.58950  2.91297  2.63666  2.40805  3.88727  3.01847  3.75324  2.97903  3.08383  2.20492  2.78217  2.47526  5.33251  4.02452     92 - -
          2.68618  4.42225  2.77519  2.73123  3.46354  2.40513  3.72494  3.29354  2.67741  2.69355  4.24690  2.90347  2.73739  3.18146  2.89801  2.37887  2.77519  2.98518  4.58477  3.61503
          0.01519  4.59028  5.31263  0.61958  0.77255  0.49180  0.94552
     58   2.54548  5.01893  2.85431  2.45836  4.28492  3.54559  3.74703  3.37965  2.02033  3.29111  4.08516  3.05758  3.77538  2.87976  2.99795  2.44344  1.91762  2.89533  5.50659  4.15164     93 - -
          2.68618  4.42225  2.77519  2.73123  3.46354  2.40513  3.72494  3.29354  2.67741  2.69355  4.24690  2.90347  2.73739  3.18146  2.89801  2.37887  2.77519  2.98518  4.58477  3.61503
          0.01489  4.61016  5.33251  0.61958  0.77255  0.51526  0.90968
     59   2.70004  5.22919  3.27622  2.67705  4.56764  3.40493  3.57001  3.98395  1.78740  3.49222  4.29120  3.17771  4.05935  2.90320  1.41569  2.91700  3.00460  3.62167  5.62956  3.55795     94 - -
          2.68618  4.42225  2.77519  2.73123  3.46354  2.40513  3.72494  3.29354  2.67741  2.69355  4.24690  2.90347  2.73739  3.18146  2.89801  2.37887  2.77519  2.98518  4.58477  3.61503
          0.01489  4.61016  5.33251  0.61958  0.77255  0.46775  0.98460
     60   2.58505  2.85684  3.93512  2.92911  3.46965  3.80421  4.10687  2.49320  3.28353  2.53598  3.23233  3.67692  4.18628  3.55156  3.55831  3.07659  1.52889  2.35913  4.96181  3.75284     95 - -
          2.68618  4.42225  2.77519  2.73123  3.46354  2.40513  3.72494  3.29354  2.67741  2.69355  4.24690  2.90347  2.73739  3.18146  2.89801  2.37887  2.77519  2.98518  4.58477  3.61503
          0.01466  4.62571  5.34806  0.61958  0.77255  0.48576  0.95510
     61   2.68395  4.54640  2.63298  2.35498  4.48060  1.81524  3.72953  3.94212  2.48545  3.46233  3.77370  2.57938  3.92678  2.53232  2.97242  2.58396  2.98387  3.54296  5.62839  4.23921     96 - -
          2.68618  4.42225  2.77519  2.73123  3.46354  2.40513  3.72494  3.29354  2.67741  2.69355  4.24690  2.90347  2.73739  3.18146  2.89801  2.37887  2.77519  2.98518  4.58477  3.61503
          0.01466  4.62571  5.34806  0.61958  0.77255  0.48576  0.95510
     62   3.74052  0.18594  5.29805  5.23753  5.17180  4.14748  5.74067  4.54064  5.11562  4.36815  5.52865  5.06899  4.89356  5.42681  5.08481  4.00659  4.26691  4.20794  6.32921  5.43465     97 - -
          2.68618  4.42225  2.77519  2.73123  3.46354  2.40513  3.72494  3.29354  2.67741  2.69355  4.24690  2.90347  2.73739  3.18146  2.89801  2.37887  2.77519  2.98518  4.58477  3.61503
          0.01466  4.62571  5.34806  0.61958  0.77255  0.48576  0.95510
     63   2.68740  5.23328  2.75944  2.35156  4.57190  3.42356  3.46638  4.05155  1.58436  3.28640  3.93557  2.76372  3.33883  2.60693  2.56891  2.70813  2.90700  3.62055  5.66871  4.26425     98 - -
          2.68618  4.42225  2.77519  2.73123  3.46354  2.40513  3.72494  3.29354  2.67741  2.69355  4.24690  2.90347  2.73739  3.18146  2.89801  2.37887  2.77519  2.98518  4.58477  3.61503
          0.01466  4.62571  5.34806  0.61958  0.77255  0.48576  0.95510
     64   0.78794  2.19270  4.52189  4.14597  4.36014  2.93671  4.81704  3.62263  4.03891  3.44833  4.32814  3.97348  4.12226  4.25052  4.20747  2.81168  3.06149  2.81102  5.81318  4.65961     99 - -
          2.68618  4.42225  2.77519  2.73123  3.46354  2.40513  3.72494  3.29354  2.67741  2.69355  4.24690  2.90347  2.73739  3.18146  2.89801  2.37887  2.77519  2.98518  4.58477  3.61503
          0.01466  4.62571  5.34806  0.61958  0.77255  0.48576  0.95510
     65   2.57851  3.77737  3.25012  2.52099  3.51687  3.15346  3.35915  3.37063  2.38334  2.95017  2.39072  3.10325  3.99518  2.93004  2.62574  2.56870  2.80690  2.95289  5.31156  3.85484    100 - -
          2.68618  4.42225  2.77519  2.73123  3.46354  2.40513  3.72494  3.29354  2.67741  2.69355  4.24690  2.90347  2.73739  3.18146  2.89801  2.37887  2.77519  2.98518  4.58477  3.61503
          0.01466  4.62571  5.34806  0.61958  0.77255  0.48576  0.95510
     66   3.50786  4.78553  5.42435  4.84304  3.20323  4.82633  5.17363  1.76745  4.69436  1.37438  1.48992  4.96437  5.01795  4.71431  4.70589  4.17874  3.72968  1.90578  5.41975  4.36422    101 - -
          2.68618  4.42225  2.77519  2.73123  3.46354  2.40513  3.72494  3.29354  2.67741  2.69355  4.24690  2.90347  2.73739  3.18146  2.89801  2.37887  2.77519  2.98518  4.58477  3.61503
          0.01466  4.62571  5.34806  0.61958  0.77255  0.48576  0.95510
     67   2.68335  4.82363  3.21655  2.49831  4.03185  3.30381  3.31692  3.13733  2.29269  2.92586  3.12826  3.16070  3.98465  2.81495  2.49561  2.69713  2.73853  2.32000  5.34800  3.49613    102 - -
          2.68618  4.42225  2.77519  2.73123  3.46354  2.40513  3.72494  3.29354  2.67741  2.69355  4.24690  2.90347  2.73739  3.18146  2.89801  2.37887  2.77519  2.98518  4.58477  3.61503
          0.01466  4.62571  5.34806  0.61958  0.77255  0.48576  0.95510
     68   3.01320  4.48653  5.08854  4.52072  3.34027  4.48065  4.88357  1.42200  4.37054  1.85463  3.47390  4.60527  4.78430  4.52745  4.44384  3.81929  3.41341  1.19264  5.33492  3.78009    103 - -
          2.68618  4.42225  2.77519  2.73123  3.46354  2.40513  3.72494  3.29354  2.67741  2.69355  4.24690  2.90347  2.73739  3.18146  2.89801  2.37887  2.77519  2.98518  4.58477  3.61503
          0.01466  4.62571  5.34806  0.61958  0.77255  0.48576  0.95510
     69   2.77944  5.25393  3.02985  2.13891  4.59823  3.54490  3.49903  4.06978  1.68636  3.55004  4.29872  2.84522  3.93786  2.75992  2.41292  2.31312  2.52376  3.64502  5.67882  4.28803    104 - -
          2.68618  4.42225  2.77519  2.73123  3.46354  2.40513  3.72494  3.29354  2.67741  2.69355  4.24690  2.90347  2.73739  3.18146  2.89801  2.37887  2.77519  2.98518  4.58477  3.61503
          0.01466  4.62571  5.34806  0.61958  0.77255  0.48576  0.95510
     70   2.74633  4.88531  3.06996  2.46655  4.10882  3.58987  3.79305  3.38153  1.98593  2.02223  3.63426  3.13700  3.97794  2.89443  2.41884  2.79798  2.97676  2.99203  5.39674  3.60045    105 - -
          2.68618  4.42225  2.77519  2.73123  3.46354  2.40513  3.72494  3.29354  2.67741  2.69355  4.24690  2.90347  2.73739  3.18146  2.89801  2.37887  2.77519  2.98518  4.58477  3.61503
          0.01466  4.62571  5.34806  0.61958  0.77255  0.48576  0.95510
     71   2.66320  4.50026  2.80305  2.24656  4.34609  3.19117  3.73735  3.18833  2.30001  3.21294  3.24708  2.76058  3.93301  2.59160  2.33118  2.67163  2.89173  3.17415  4.31507  3.93613    106 - -
          2.68618  4.42225  2.77519  2.73123  3.46354  2.40513  3.72494  3.29354  2.67741  2.69355  4.24690  2.90347  2.73739  3.18146  2.89801  2.37887  2.77519  2.98518  4.58477  3.61503
          0.14536  4.62571  2.07549  0.61958  0.77255  0.48576  0.95510
     72   2.69622  5.10838  2.58342  2.38116  3.33599  3.19615  3.37682  3.87379  2.25084  3.39686  4.15951  2.85109  3.44239  2.56405  2.68165  2.35514  2.79674  3.12986  5.56511  3.38012    107 - -
          2.68600  4.42236  2.77494  2.73116  3.46351  2.40516  3.72505  3.29365  2.67742  2.69337  4.24701  2.90357  2.73750  3.18157  2.89812  2.37892  2.77525  2.98508  4.58488  3.61514
          0.38856  1.15026  5.21939  0.41230  1.08508  0.37363  1.16549
     73   2.73726  5.22373  2.23222  2.30241  4.26454  2.85116  3.51563  3.76205  2.28775  3.52468  4.26709  2.47814  3.90786  2.72534  2.67888  2.34937  2.76305  3.34368  5.66247  4.05575    111 - -
          2.68618  4.42225  2.77519  2.73123  3.46354  2.40513  3.72494  3.29354  2.67741  2.69355  4.24690  2.90347  2.73739  3.18146  2.89801  2.37887  2.77519  2.98518  4.58477  3.61503
          0.01466  4.62571  5.34806  0.61958  0.77255  0.48576  0.95510
     74   2.53807  5.21016  2.48846  2.24192  4.53318  1.98525  3.71859  4.00486  2.28238  3.18532  3.95454  2.82528  3.91964  2.75113  2.95671  2.49951  2.98243  3.58915  5.65602  4.25680    112 - -
          2.68618  4.42225  2.77519  2.73123  3.46354  2.40513  3.72494  3.29354  2.67741  2.69355  4.24690  2.90347  2.73739  3.18146  2.89801  2.37887  2.77519  2.98518  4.58477  3.61503
          0.01466  4.62571  5.34806  0.61958  0.77255  0.48576  0.95510
     75   2.74028  4.90398  3.16475  2.45092  3.56254  3.47611  3.32254  3.02347  1.91094  2.80262  3.97767  3.02706  3.96843  2.86275  2.43231  2.78501  2.81733  2.61412  5.41279  4.08693    113 - -
          2.68618  4.42225  2.77519  2.73123  3.46354  2.40513  3.72494  3.29354  2.67741  2.69355  4.24690  2.90347  2.73739  3.18146  2.89801  2.37887  2.77519  2.98518  4.58477  3.61503
          0.01466  4.62571  5.34806  0.61958  0.77255  0.48576  0.95510
     76   3.36406  4.85044  4.36521  3.02780  2.65649  4.27969  3.92934  3.35173  3.69149  2.63885  3.96328  4.03074  4.63182  3.94936  3.89541  3.58653  3.58893  3.17894  1.15182  1.81872    114 - -
          2.68618  4.42225  2.77519  2.73123  3.46354  2.40513  3.72494  3.29354  2.67741  2.69355  4.24690  2.90347  2.73739  3.18146  2.89801  2.37887  2.77519  2.98518  4.58477  3.61503
          0.01466  4.62571  5.34806  0.61958  0.77255  0.48576  0.95510
     77   2.63751  4.09003  3.23457  2.32129  3.62930  3.60274  3.44724  3.06831  2.54072  2.83060  3.66295  2.75900  3.99024  2.61250  2.51756  2.81443  2.96867  2.58178  5.32758  2.97644    115 - -
          2.68618  4.42225  2.77519  2.73123  3.46354  2.40513  3.72494  3.29354  2.67741  2.69355  4.24690  2.90347  2.73739  3.18146  2.89801  2.37887  2.77519  2.98518  4.58477  3.61503
          0.01466  4.62571  5.34806  0.61958  0.77255  0.48576  0.95510
     78   3.50687  4.72493  5.53953  5.03899  3.50721  5.04614  5.63396  1.12064  4.95669  2.18590  3.69261  5.18437  5.26511  5.14480  5.07982  4.44897  3.75714  0.99045  5.95429  4.76981    116 - -
          2.68618  4.42225  2.77519  2.73123  3.46354  2.40513  3.72494  3.29354  2.67741  2.69355  4.24690  2.90347  2.73739  3.18146  2.89801  2.37887  2.77519  2.98518  4.58477  3.61503
          0.01466  4.62571  5.34806  0.61958  0.77255  0.48576  0.95510
     79   2.34328  4.81621  2.91386  2.59250  4.02265  3.59805  3.48523  2.79000  2.58893  2.93998  3.68376  3.16420  3.98587  2.89668  2.94807  2.30237  2.19441  2.94731  5.34205  3.24007    117 - -
          2.68618  4.42225  2.77519  2.73123  3.46354  2.40513  3.72494  3.29354  2.67741  2.69355  4.24690  2.90347  2.73739  3.18146  2.89801  2.37887  2.77519  2.98518  4.58477  3.61503
          0.01466  4.62571  5.34806  0.61958  0.77255  0.48576  0.95510
     80   2.55024  5.21658  2.76026  2.18298  4.21559  3.41914  3.70401  4.02574  2.13785  3.36864  3.92336  2.91884  3.90883  2.52176  2.39507  2.21408  2.60704  3.43636  5.65697  4.25401    118 - -
          2.68618  4.42225  2.77519  2.73123  3.46354  2.40513  3.72494  3.29354  2.67741  2.69355  4.24690  2.90347  2.73739  3.18146  2.89801  2.37887  2.77519  2.98518  4.58477  3.61503
          0.01466  4.62571  5.34806  0.61958  0.77255  0.48576  0.95510
     81   2.77189  3.90872  4.77721  4.17077  1.94583  4.06221  4.39256  2.38017  3.97747  1.53696  2.84195  4.20076  4.40529  4.10623  4.00808  3.37548  3.11213  1.84350  4.87257  3.50624    119 - -
          2.68618  4.42225  2.77519  2.73123  3.46354  2.40513  3.72494  3.29354  2.67741  2.69355  4.24690  2.90347  2.73739  3.18146  2.89801  2.37887  2.77519  2.98518  4.58477  3.61503
          0.01466  4.62571  5.34806  0.61958  0.77255  0.48576  0.95510
     82   2.66495  5.11033  2.51451  2.21199  4.40186  3.53452  3.72880  3.09633  2.44572  3.17542  4.16562  2.47264  3.92707  2.69775  2.63257  2.60915  2.96995  2.38207  5.57633  4.20028    120 - -
          2.68624  4.42231  2.77505  2.73129  3.46360  2.40519  3.72448  3.29292  2.67747  2.69342  4.24696  2.90353  2.73746  3.18152  2.89807  2.37893  2.77526  2.98524  4.58483  3.61509
          0.06098  2.91147  5.34806  1.18476  0.36502  0.48576  0.95510
     83   2.62897  5.02910  3.00650  2.37743  4.29349  3.29451  3.28225  3.72592  2.10295  1.95131  4.09245  2.81981  3.60996  2.88240  3.00014  2.62350  2.85051  3.13967  5.51329  4.15756    126 - -
          2.68618  4.42225  2.77519  2.73123  3.46354  2.40513  3.72494  3.29354  2.67741  2.69355  4.24690  2.90347  2.73739  3.18146  2.89801  2.37887  2.77519  2.98518  4.58477  3.61503
          0.01466  4.62571  5.34806  0.61958  0.77255  0.48576  0.95510
     84   2.65640  5.24659  2.32132  1.57327  4.58161  3.51756  3.71560  4.06163  2.13000  3.40466  4.02865  2.82486  3.91830  2.69396  2.94967  2.72013  2.98795  3.35256  5.68395  4.27694    127 - -
          2.68618  4.42225  2.77519  2.73123  3.46354  2.40513  3.72494  3.29354  2.67741  2.69355  4.24690  2.90347  2.73739  3.18146  2.89801  2.37887  2.77519  2.98518  4.58477  3.61503
          0.01466  4.62571  5.34806  0.61958  0.77255  0.48576  0.95510
     85   4.19514  5.75416  4.23329  4.11904  4.14953  4.34386  0.24590  5.04034  3.96513  4.39922  5.54852  4.47484  4.95642  4.51326  4.15300  4.28033  4.54865  4.75753  5.57361  4.09172    128 - -
          2.68618  4.42225  2.77519  2.73123  3.46354  2.40513  3.72494  3.29354  2.67741  2.69355  4.24690  2.90347  2.73739  3.18146  2.89801  2.37887  2.77519  2.98518  4.58477  3.61503
          0.01466  4.62571  5.34806  0.61958  0.77255  0.48576  0.95510
     86   2.83780  4.92154  3.13058  2.98264  4.89618  3.43370  4.36805  4.38482  3.28231  3.99574  4.81894  0.77234  4.13275  3.57283  3.69187  2.39654  2.86075  3.83879  6.15440  4.82372    129 - -
          2.68618  4.42225  2.77519  2.73123  3.46354  2.40513  3.72494  3.29354  2.67741  2.69355  4.24690  2.90347  2.73739  3.18146  2.89801  2.37887  2.77519  2.98518  4.58477  3.61503
          0.01466  4.62571  5.34806  0.61958  0.77255  0.48576  0.95510
     87   4.19514  5.75416  4.23329  4.11904  4.14953  4.34386  0.24590  5.04034  3.96513  4.39922  5.54852  4.47484  4.95642  4.51326  4.15300  4.28033  4.54865  4.75753  5.57361  4.09172    130 - -
          2.68618  4.42225  2.77519  2.73123  3.46354  2.40513  3.72494  3.29354  2.67741  2.69355  4.24690  2.90347  2.73739  3.18146  2.89801  2.37887  2.77519  2.98518  4.58477  3.61503
          0.01466  4.62571  5.34806  0.61958  0.77255  0.48576  0.95510
     88   2.35383  5.17328  2.74682  1.93503  4.48802  3.06501  3.71425  3.46530  2.40695  3.31982  3.89686  3.00317  2.57020  2.63616  2.94953  2.56942  2.86394  3.54756  5.62468  4.23271    131 - -
          2.68618  4.42225  2.77519  2.73123  3.46354  2.40513  3.72494  3.29354  2.67741  2.69355  4.24690  2.90347  2.73739  3.18146  2.89801  2.37887  2.77519  2.98518  4.58477  3.61503
          0.01466  4.62571  5.34806  0.61958  0.77255  0.48576  0.95510
     89   3.46482  4.14086  5.32875  4.73403  2.48394  4.72291  5.02631  2.36777  4.57437  0.71102  2.81063  4.85095  4.92721  4.58790  4.58153  4.06269  3.68218  2.43606  5.29085  4.22678    132 - -
          2.68618  4.42225  2.77519  2.73123  3.46354  2.40513  3.72494  3.29354  2.67741  2.69355  4.24690  2.90347  2.73739  3.18146  2.89801  2.37887  2.77519  2.98518  4.58477  3.61503
          0.01466  4.62571  5.34806  0.61958  0.77255  0.48576  0.95510
     90   2.30856  3.06271  3.24967  2.82395  2.81815  3.54873  3.93868  3.02856  2.83975  2.46250  3.50586  3.13763  4.07481  2.92781  3.30222  2.40337  2.78521  2.35086  5.09020  3.84488    133 - -
          2.68618  4.42225  2.77519  2.73123  3.46354  2.40513  3.72494  3.29354  2.67741  2.69355  4.24690  2.90347  2.73739  3.18146  2.89801  2.37887  2.77519  2.98518  4.58477  3.61503
          0.01466  4.62571  5.34806  0.61958  0.77255  0.48576  0.95510
     91   2.64028  5.03653  3.08491  2.42894  4.04445  3.43130  3.75085  3.60511  2.47218  3.31264  4.10398  2.97233  2.02275  2.88136  2.59883  2.29846  2.49056  3.38891  5.52309  4.16603    134 - -
          2.68618  4.42225  2.77519  2.73123  3.46354  2.40513  3.72494  3.29354  2.67741  2.69355  4.24690  2.90347  2.73739  3.18146  2.89801  2.37887  2.77519  2.98518  4.58477  3.61503
          0.00989  4.62095        *  0.61958  0.77255  0.00000        *
//
