HMMER3/b [3.0b2 | June 2009]
NAME  Transposase_24
ACC   PF03004.7
DESC  Plant transposase (Ptta/En/Spm family)
LENG  140
ALPH  amino
RF    no
CS    no
MAP   yes
DATE  Tue Sep  8 18:47:29 2009
NSEQ  40
EFFN  5.161133
CKSUM 268122272
GA    20.80 20.80;
TC    20.90 20.90;
NC    20.70 20.70;
BM    hmmbuild HMM.ann SEED.ann
SM    hmmsearch -Z 9421015 -E 1000 HMM pfamseq
STATS LOCAL MSV      -10.0080  0.71057
STATS LOCAL VITERBI  -10.7699  0.71057
STATS LOCAL FORWARD   -4.2534  0.71057
HMM          A        C        D        E        F        G        H        I        K        L        M        N        P        Q        R        S        T        V        W        Y   
            m->m     m->i     m->d     i->m     i->i     d->m     d->d
  COMPO   2.60350  4.51158  2.90839  2.47194  3.64467  2.87391  3.38936  3.13004  2.41075  2.74579  3.78152  3.09848  3.53314  2.92270  2.73274  2.51575  2.72827  2.83487  4.31641  3.58043
          2.68618  4.42225  2.77519  2.73123  3.46354  2.40513  3.72494  3.29354  2.67741  2.69355  4.24690  2.90347  2.73739  3.18146  2.89801  2.37887  2.77519  2.98518  4.58477  3.61503
          0.00691  5.37387  6.09621  0.61958  0.77255  0.00000        *
      1   2.65037  5.55052  1.69092  2.58018  4.88865  2.64946  3.46842  4.37024  2.75688  2.29660  4.59332  2.36376  3.31208  3.11680  2.87941  2.68080  3.28641  3.93749  5.98720  4.57963      1 - -
          2.68618  4.42225  2.77519  2.73123  3.46354  2.40513  3.72494  3.29354  2.67741  2.69355  4.24690  2.90347  2.73739  3.18146  2.89801  2.37887  2.77519  2.98518  4.58477  3.61503
          0.00691  5.37387  6.09621  0.61958  0.77255  0.48576  0.95510
      2   2.48654  5.54644  2.32506  2.10256  4.88625  3.49822  4.01157  4.36853  2.11401  3.04641  3.79334  3.29334  2.05685  2.87635  3.24029  2.38998  3.27946  3.47348  5.98228  4.57450      2 - -
          2.68618  4.42225  2.77519  2.73123  3.46354  2.40513  3.72494  3.29354  2.67741  2.69355  4.24690  2.90347  2.73739  3.18146  2.89801  2.37887  2.77519  2.98518  4.58477  3.61503
          0.00691  5.37387  6.09621  0.61958  0.77255  0.48576  0.95510
      3   2.60226  5.55468  1.97705  1.94157  4.89739  3.82304  2.39068  3.82351  2.47583  3.85895  4.59602  2.98976  4.21689  2.96463  3.23939  2.83152  2.13514  3.94406  5.98872  3.60422      3 - -
          2.68618  4.42225  2.77519  2.73123  3.46354  2.40513  3.72494  3.29354  2.67741  2.69355  4.24690  2.90347  2.73739  3.18146  2.89801  2.37887  2.77519  2.98518  4.58477  3.61503
          0.00691  5.37387  6.09621  0.61958  0.77255  0.48576  0.95510
      4   2.84730  3.86892  3.94869  4.01538  3.67158  4.21150  3.48499  2.58653  3.88943  1.84828  3.68469  4.20761  4.58051  2.17420  3.56005  3.49950  2.72418  1.49051  3.96259  3.60510      4 - -
          2.68618  4.42225  2.77519  2.73123  3.46354  2.40513  3.72494  3.29354  2.67741  2.69355  4.24690  2.90347  2.73739  3.18146  2.89801  2.37887  2.77519  2.98518  4.58477  3.61503
          0.00691  5.37387  6.09621  0.61958  0.77255  0.48576  0.95510
      5   3.51153  4.99685  3.44579  4.20842  2.53503  4.53154  4.45583  3.47805  4.10286  2.84927  4.11909  4.38994  4.89134  4.30543  3.61352  3.09668  3.74094  3.28796  0.82133  2.44191      5 - -
          2.68618  4.42225  2.77519  2.73123  3.46354  2.40513  3.72494  3.29354  2.67741  2.69355  4.24690  2.90347  2.73739  3.18146  2.89801  2.37887  2.77519  2.98518  4.58477  3.61503
          0.00691  5.37387  6.09621  0.61958  0.77255  0.48576  0.95510
      6   2.19051  5.55501  2.81923  2.59481  4.89865  2.97231  4.00930  3.71610  1.56873  3.39873  4.59606  2.67356  3.37346  2.84339  2.30740  3.01079  3.09481  3.55130  5.98854  4.57849      6 - -
          2.68618  4.42225  2.77519  2.73123  3.46354  2.40513  3.72494  3.29354  2.67741  2.69355  4.24690  2.90347  2.73739  3.18146  2.89801  2.37887  2.77519  2.98518  4.58477  3.61503
          0.04085  5.37387  3.34127  0.61958  0.77255  0.48576  0.95510
      7   2.32335  5.32549  3.09782  2.27006  4.58911  2.35581  4.04956  3.32503  2.65627  3.59530  2.96071  3.36100  3.60506  2.97863  3.09327  2.61955  2.14922  3.06566  3.85434  3.66564      7 - -
          2.68618  4.42225  2.77519  2.73123  3.46354  2.40513  3.72494  3.29354  2.67741  2.69355  4.24690  2.90347  2.73739  3.18146  2.89801  2.37887  2.77519  2.98518  4.58477  3.61503
          0.00715  5.34016  6.06251  0.61958  0.77255  0.61311  0.78015
      8   4.42792  5.64300  6.34293  5.75977  3.16702  5.73799  5.82756  3.14652  5.59781  0.69170  1.38264  5.87451  5.77385  5.41408  5.49753  5.11664  4.62214  3.46292  2.77689  4.69977      8 - -
          2.68618  4.42225  2.77519  2.73123  3.46354  2.40513  3.72494  3.29354  2.67741  2.69355  4.24690  2.90347  2.73739  3.18146  2.89801  2.37887  2.77519  2.98518  4.58477  3.61503
          0.00715  5.34016  6.06251  0.61958  0.77255  0.61311  0.78015
      9   3.09297  2.44587  5.03761  4.42374  3.56303  3.26370  4.59350  2.23429  4.21296  2.10191  3.21145  4.41679  4.62441  3.81759  4.22804  3.57121  2.61342  1.26573  3.62678  3.91640      9 - -
          2.68633  4.42240  2.77535  2.73139  3.46369  2.40425  3.72510  3.29369  2.67756  2.69370  4.24705  2.90362  2.73755  3.18162  2.89816  2.37835  2.77535  2.98534  4.58492  3.61518
          0.06247  2.84341  6.06251  1.37416  0.29176  0.41364  1.08245
     10   1.69905  5.55823  3.02167  2.11567  4.90323  3.82156  3.63962  4.38913  2.15618  3.45426  4.59891  2.83781  4.21504  2.44653  2.55269  2.73015  2.59632  3.56557  5.99092  4.58005     15 - -
          2.68618  4.42225  2.77519  2.73123  3.46354  2.40513  3.72494  3.29354  2.67741  2.69355  4.24690  2.90347  2.73739  3.18146  2.89801  2.37887  2.77519  2.98518  4.58477  3.61503
          0.00691  5.37387  6.09621  0.61958  0.77255  0.48576  0.95510
     11   3.31668  4.74550  3.77621  4.29230  1.65410  4.41166  2.58811  2.38832  4.15110  2.23089  3.86511  3.61432  4.77335  4.32486  4.27845  3.70964  3.54752  3.01120  4.99332  1.46022     16 - -
          2.68618  4.42225  2.77519  2.73123  3.46354  2.40513  3.72494  3.29354  2.67741  2.69355  4.24690  2.90347  2.73739  3.18146  2.89801  2.37887  2.77519  2.98518  4.58477  3.61503
          0.00691  5.37387  6.09621  0.61958  0.77255  0.48576  0.95510
     12   3.84977  5.66666  4.43282  3.97351  4.53917  2.93454  4.68342  4.49276  3.19546  4.05222  4.98837  4.28835  4.98730  3.32570  2.95057  3.96899  4.11577  4.21432  0.46972  4.49452     17 - -
          2.68618  4.42225  2.77519  2.73123  3.46354  2.40513  3.72494  3.29354  2.67741  2.69355  4.24690  2.90347  2.73739  3.18146  2.89801  2.37887  2.77519  2.98518  4.58477  3.61503
          0.00691  5.37387  6.09621  0.61958  0.77255  0.48576  0.95510
     13   2.89951  4.38598  2.12336  2.57107  3.33167  2.94296  4.01873  4.31615  2.15972  2.85473  3.80149  2.59841  4.22274  2.57325  2.55459  2.64135  3.28014  3.06592  5.95935  3.90019     18 - -
          2.68618  4.42225  2.77519  2.73123  3.46354  2.40513  3.72494  3.29354  2.67741  2.69355  4.24690  2.90347  2.73739  3.18146  2.89801  2.37887  2.77519  2.98518  4.58477  3.61503
          0.00691  5.37387  6.09621  0.61958  0.77255  0.48576  0.95510
     14   3.06284  5.55923  1.96476  2.75226  4.89704  3.25018  3.11253  4.37890  2.59505  3.86143  4.60247  3.01796  4.22829  2.78076  3.25795  2.34877  1.45161  3.94610  5.99584  3.86253     19 - -
          2.68618  4.42225  2.77519  2.73123  3.46354  2.40513  3.72494  3.29354  2.67741  2.69355  4.24690  2.90347  2.73739  3.18146  2.89801  2.37887  2.77519  2.98518  4.58477  3.61503
          0.00691  5.37387  6.09621  0.61958  0.77255  0.48576  0.95510
     15   3.07944  5.55122  2.19670  1.49175  4.87819  3.84271  4.04395  4.35267  2.52791  2.84949  4.59840  3.31616  1.93293  3.14789  3.28406  3.04744  3.03121  3.29764  5.99445  4.59157     20 - -
          2.68618  4.42225  2.77519  2.73123  3.46354  2.40513  3.72494  3.29354  2.67741  2.69355  4.24690  2.90347  2.73739  3.18146  2.89801  2.37887  2.77519  2.98518  4.58477  3.61503
          0.00691  5.37387  6.09621  0.61958  0.77255  0.48576  0.95510
     16   2.49079  5.57104  2.43096  1.73571  4.91658  3.82707  4.01695  3.96933  1.42878  3.87610  4.61208  2.71934  3.94546  3.11374  2.72577  3.02016  3.29021  3.96203  6.00274  4.59133     21 - -
          2.68618  4.42225  2.77519  2.73123  3.46354  2.40513  3.72494  3.29354  2.67741  2.69355  4.24690  2.90347  2.73739  3.18146  2.89801  2.37887  2.77519  2.98518  4.58477  3.61503
          0.00691  5.37387  6.09621  0.61958  0.77255  0.48576  0.95510
     17   1.58114  3.80594  3.26236  3.34886  2.53948  4.04927  3.41323  3.05501  3.30795  3.04737  3.93540  3.76705  3.20567  3.61480  3.67367  1.86280  2.78401  2.72246  5.41168  4.17179     22 - -
          2.68618  4.42225  2.77519  2.73123  3.46354  2.40513  3.72494  3.29354  2.67741  2.69355  4.24690  2.90347  2.73739  3.18146  2.89801  2.37887  2.77519  2.98518  4.58477  3.61503
          0.00691  5.37387  6.09621  0.61958  0.77255  0.48576  0.95510
     18   3.08472  5.56090  3.34949  1.96190  4.90216  3.85785  3.73650  3.10722  1.39543  3.85823  3.80987  3.32973  4.24886  2.12448  2.38784  3.05189  3.31320  3.54188  5.99004  4.59607     23 - -
          2.68618  4.42225  2.77519  2.73123  3.46354  2.40513  3.72494  3.29354  2.67741  2.69355  4.24690  2.90347  2.73739  3.18146  2.89801  2.37887  2.77519  2.98518  4.58477  3.61503
          0.00691  5.37387  6.09621  0.61958  0.77255  0.48576  0.95510
     19   1.97608  5.53609  2.78683  1.79445  4.87114  3.56845  4.01517  3.07680  1.62973  3.25427  4.57950  3.29844  4.22042  3.11490  2.86291  3.01691  2.99642  3.92134  5.97469  4.57012     24 - -
          2.68618  4.42225  2.77519  2.73123  3.46354  2.40513  3.72494  3.29354  2.67741  2.69355  4.24690  2.90347  2.73739  3.18146  2.89801  2.37887  2.77519  2.98518  4.58477  3.61503
          0.00691  5.37387  6.09621  0.61958  0.77255  0.48576  0.95510
     20   3.09220  5.06106  3.67021  3.10417  4.24640  3.97955  4.19260  2.26376  1.89108  2.60017  4.14915  3.58370  4.36383  3.08099  1.76744  2.67557  2.87148  2.46215  5.60118  4.32072     25 - -
          2.68618  4.42225  2.77519  2.73123  3.46354  2.40513  3.72494  3.29354  2.67741  2.69355  4.24690  2.90347  2.73739  3.18146  2.89801  2.37887  2.77519  2.98518  4.58477  3.61503
          0.00691  5.37387  6.09621  0.61958  0.77255  0.48576  0.95510
     21   3.13322  3.69435  3.59725  3.03052  4.53839  3.95962  4.17173  3.94232  2.70174  3.55284  4.37813  3.52861  4.35904  2.73561  2.70906  0.90729  3.36935  2.86249  5.79863  4.48967     26 - -
          2.68618  4.42225  2.77519  2.73123  3.46354  2.40513  3.72494  3.29354  2.67741  2.69355  4.24690  2.90347  2.73739  3.18146  2.89801  2.37887  2.77519  2.98518  4.58477  3.61503
          0.00691  5.37387  6.09621  0.61958  0.77255  0.48576  0.95510
     22   2.67456  5.55600  2.31840  1.77433  4.90000  3.82199  3.28769  2.56199  2.04142  3.46478  4.59695  3.17327  4.21548  2.57431  2.98625  2.60080  2.90931  3.94606  5.98931  4.57902     27 - -
          2.68618  4.42225  2.77519  2.73123  3.46354  2.40513  3.72494  3.29354  2.67741  2.69355  4.24690  2.90347  2.73739  3.18146  2.89801  2.37887  2.77519  2.98518  4.58477  3.61503
          0.00691  5.37387  6.09621  0.61958  0.77255  0.48576  0.95510
     23   3.06261  5.51912  3.33394  2.77583  4.84581  3.84276  4.02741  2.84433  1.77007  3.81432  3.89648  2.26494  3.63059  2.31305  2.48463  3.03493  1.97072  3.90003  5.96093  4.56665     28 - -
          2.68618  4.42225  2.77519  2.73123  3.46354  2.40513  3.72494  3.29354  2.67741  2.69355  4.24690  2.90347  2.73739  3.18146  2.89801  2.37887  2.77519  2.98518  4.58477  3.61503
          0.00691  5.37387  6.09621  0.61958  0.77255  0.48576  0.95510
     24   1.86069  3.25524  3.54081  2.98191  3.49696  3.51889  4.13533  3.76310  2.75502  3.39924  4.23376  1.72830  4.31061  3.01023  3.41842  2.35362  3.06971  3.46919  5.67813  2.71107     29 - -
          2.68618  4.42225  2.77519  2.73123  3.46354  2.40513  3.72494  3.29354  2.67741  2.69355  4.24690  2.90347  2.73739  3.18146  2.89801  2.37887  2.77519  2.98518  4.58477  3.61503
          0.03070  5.37387  3.66511  0.61958  0.77255  0.48576  0.95510
     25   2.84844  5.55215  3.31529  2.38764  4.89652  3.83162  4.01155  3.73520  1.65292  3.85321  4.59465  3.30126  4.22384  2.68624  2.06178  1.70139  2.90685  3.94278  5.98176  4.58047     30 - -
          2.68618  4.42225  2.77519  2.73123  3.46354  2.40513  3.72494  3.29354  2.67741  2.69355  4.24690  2.90347  2.73739  3.18146  2.89801  2.37887  2.77519  2.98518  4.58477  3.61503
          0.00708  5.35024  6.07259  0.61958  0.77255  0.57715  0.82439
     26   1.96110  5.52261  3.29673  2.25978  4.85721  3.81550  4.00333  4.33552  1.80549  3.82321  2.65191  2.15796  4.20871  2.93274  2.94168  2.69787  3.00137  3.90764  5.96141  3.92093     31 - -
          2.68618  4.42225  2.77519  2.73123  3.46354  2.40513  3.72494  3.29354  2.67741  2.69355  4.24690  2.90347  2.73739  3.18146  2.89801  2.37887  2.77519  2.98518  4.58477  3.61503
          0.00708  5.35024  6.07259  0.61958  0.77255  0.57715  0.82439
     27   1.54379  2.88014  4.13022  3.56871  3.94653  4.06404  4.42192  2.86266  3.51063  2.35557  3.92394  1.72225  4.48402  3.79785  3.83114  2.29998  3.34172  3.06703  5.40808  4.18708     32 - -
          2.68618  4.42225  2.77519  2.73123  3.46354  2.40513  3.72494  3.29354  2.67741  2.69355  4.24690  2.90347  2.73739  3.18146  2.89801  2.37887  2.77519  2.98518  4.58477  3.61503
          0.02889  5.35024  3.74100  0.61958  0.77255  0.57715  0.82439
     28   2.61619  5.42611  3.04902  3.18788  4.77879  4.05871  4.30879  2.94029  2.95430  3.75176  4.60218  3.66528  4.49803  3.46911  0.71161  3.35593  3.55558  3.79488  5.98982  4.69978     33 - -
          2.68722  4.42201  2.77357  2.73189  3.46335  2.40583  3.72391  3.29458  2.67845  2.69380  4.24388  2.90288  2.73711  3.18251  2.89629  2.37784  2.77576  2.98623  4.58581  3.61391
          1.81597  0.80817  0.93739  1.38825  0.28703  0.65250  0.73552
     29   2.83023  5.29950  2.02035  2.52384  4.62621  2.74103  3.79564  4.10044  2.36683  3.59702  3.56333  1.89414  3.99675  2.56195  3.03340  2.79901  3.06252  3.16066  5.74310  4.34130     39 - -
          2.68618  4.42225  2.77519  2.73123  3.46354  2.40513  3.72494  3.29354  2.67741  2.69355  4.24690  2.90347  2.73739  3.18146  2.89801  2.37887  2.77519  2.98518  4.58477  3.61503
          0.01187  4.83545  5.55779  0.61958  0.77255  0.43336  1.04505
     30   1.95888  5.47778  2.66864  2.51609  4.80905  1.52182  3.96219  4.28565  2.44770  3.18198  4.52389  2.96899  4.16483  3.06456  2.69770  2.96641  3.23138  3.86135  5.91839  4.51494     40 - -
          2.68618  4.42225  2.77519  2.73123  3.46354  2.40513  3.72494  3.29354  2.67741  2.69355  4.24690  2.90347  2.73739  3.18146  2.89801  2.37887  2.77519  2.98518  4.58477  3.61503
          0.00803  5.22498  5.94732  0.61958  0.77255  0.61909  0.77313
     31   3.03129  4.89347  3.71715  3.15367  4.05439  3.07502  4.19015  2.64901  1.89751  1.54215  3.53605  2.90949  4.33990  2.96075  3.52256  3.18539  2.73614  3.18099  5.45484  3.38090     41 - -
          2.68618  4.42225  2.77519  2.73123  3.46354  2.40513  3.72494  3.29354  2.67741  2.69355  4.24690  2.90347  2.73739  3.18146  2.89801  2.37887  2.77519  2.98518  4.58477  3.61503
          0.02150  5.28767  4.12191  0.61958  0.77255  0.44468  1.02452
     32   2.82145  4.88373  3.79060  3.22675  4.03760  1.31976  3.63024  3.40828  3.19276  2.53804  3.01719  3.67145  4.38076  2.20962  3.58264  3.00266  3.29124  2.86581  5.45091  3.39369     42 - -
          2.68618  4.42225  2.77519  2.73123  3.46354  2.40513  3.72494  3.29354  2.67741  2.69355  4.24690  2.90347  2.73739  3.18146  2.89801  2.37887  2.77519  2.98518  4.58477  3.61503
          0.00717  5.33723  6.05958  0.61958  0.77255  0.62328  0.76826
     33   2.82963  3.62957  3.84873  3.28335  3.98769  3.47364  4.26041  2.01978  2.60836  2.81195  3.94112  3.71353  2.20388  3.19026  2.86843  2.63116  2.52276  2.29017  5.41487  4.16916     43 - -
          2.68641  4.42248  2.77519  2.73146  3.46377  2.40483  3.72457  3.29377  2.67729  2.69343  4.24713  2.90370  2.73740  3.18170  2.89824  2.37910  2.77511  2.98463  4.58306  3.61472
          0.14505  2.24475  3.53822  1.26722  0.33075  0.62328  0.76826
     34   2.77044  4.71076  4.04094  3.47055  3.35069  4.06022  1.86829  2.14406  3.41370  2.91746  3.41765  3.17648  2.94204  3.70190  2.89516  2.23300  3.28490  2.74429  4.06145  3.34073     48 - -
          2.68618  4.42225  2.77519  2.73123  3.46354  2.40513  3.72494  3.29354  2.67741  2.69355  4.24690  2.90347  2.73739  3.18146  2.89801  2.37887  2.77519  2.98518  4.58477  3.61503
          0.00737  5.31014  6.03248  0.61958  0.77255  0.71132  0.67530
     35   3.03696  4.26357  3.10432  3.07303  4.15998  3.49806  3.55955  2.30607  1.76900  2.46611  3.05389  3.55047  2.68825  3.38398  3.15370  2.97692  2.71249  2.96933  5.53163  3.71664     49 - -
          2.68618  4.42225  2.77519  2.73123  3.46354  2.40513  3.72494  3.29354  2.67741  2.69355  4.24690  2.90347  2.73739  3.18146  2.89801  2.37887  2.77519  2.98518  4.58477  3.61503
          0.00737  5.31014  6.03248  0.61958  0.77255  0.55291  0.85630
     36   2.57356  5.55317  3.54492  3.35595  5.22461  4.01315  0.58757  4.77381  3.55770  4.34821  5.18164  3.01962  2.81858  3.90946  3.95880  3.48708  3.80279  4.31015  6.47945  5.12124     50 - -
          2.68618  4.42225  2.77519  2.73123  3.46354  2.40513  3.72494  3.29354  2.67741  2.69355  4.24690  2.90347  2.73739  3.18146  2.89801  2.37887  2.77519  2.98518  4.58477  3.61503
          0.00717  5.33723  6.05958  0.61958  0.77255  0.62328  0.76826
     37   3.05483  4.95097  3.70309  3.14049  2.88987  3.96901  4.19891  3.02272  2.59861  2.66480  4.04391  3.22631  4.35305  3.13168  2.10749  2.93811  1.48127  3.03572  5.50729  3.57422     51 - -
          2.68618  4.42225  2.77519  2.73123  3.46354  2.40513  3.72494  3.29354  2.67741  2.69355  4.24690  2.90347  2.73739  3.18146  2.89801  2.37887  2.77519  2.98518  4.58477  3.61503
          0.00717  5.33723  6.05958  0.61958  0.77255  0.62328  0.76826
     38   1.86724  3.14783  3.85551  3.29212  4.02141  2.66329  4.27591  3.38891  2.85595  2.50417  3.43841  3.71979  4.40003  3.56865  3.63432  1.58901  2.52464  3.15007  5.44501  4.19822     52 - -
          2.68618  4.42225  2.77519  2.73123  3.46354  2.40513  3.72494  3.29354  2.67741  2.69355  4.24690  2.90347  2.73739  3.18146  2.89801  2.37887  2.77519  2.98518  4.58477  3.61503
          0.00717  5.33723  6.05958  0.61958  0.77255  0.62328  0.76826
     39   3.18181  4.07358  3.79644  2.95887  4.97451  0.80052  4.47240  4.40348  3.20707  3.98679  4.79022  3.74505  4.47448  3.63126  2.23370  2.37064  3.51759  3.97459  6.18417  4.88620     53 - -
          2.68618  4.42225  2.77519  2.73123  3.46354  2.40513  3.72494  3.29354  2.67741  2.69355  4.24690  2.90347  2.73739  3.18146  2.89801  2.37887  2.77519  2.98518  4.58477  3.61503
          0.00717  5.33723  6.05958  0.61958  0.77255  0.62328  0.76826
     40   2.51586  5.46483  3.31738  2.76081  4.77861  3.82147  3.63696  2.96831  2.58205  3.75627  4.51440  3.30270  2.96287  2.25988  2.40365  1.52670  2.78011  3.83866  5.91660  4.52687     54 - -
          2.68618  4.42225  2.77519  2.73123  3.46354  2.40513  3.72494  3.29354  2.67741  2.69355  4.24690  2.90347  2.73739  3.18146  2.89801  2.37887  2.77519  2.98518  4.58477  3.61503
          0.00717  5.33723  6.05958  0.61958  0.77255  0.62328  0.76826
     41   2.80691  4.23448  3.40260  2.84325  4.59565  3.86036  4.05454  2.91356  1.25270  3.59960  4.39436  2.76176  4.25058  2.93074  2.56537  3.06016  2.37113  3.67773  3.88089  4.46111     55 - -
          2.68618  4.42225  2.77519  2.73123  3.46354  2.40513  3.72494  3.29354  2.67741  2.69355  4.24690  2.90347  2.73739  3.18146  2.89801  2.37887  2.77519  2.98518  4.58477  3.61503
          0.00717  5.33723  6.05958  0.61958  0.77255  0.62328  0.76826
     42   3.08104  4.98373  3.92877  3.39240  4.35430  3.37473  4.43260  3.74301  3.35997  3.11204  4.28498  3.79212  3.29446  3.68398  3.75043  0.84621  2.18268  3.44509  3.68837  4.48118     56 - -
          2.68618  4.42225  2.77519  2.73123  3.46354  2.40513  3.72494  3.29354  2.67741  2.69355  4.24690  2.90347  2.73739  3.18146  2.89801  2.37887  2.77519  2.98518  4.58477  3.61503
          0.00717  5.33723  6.05958  0.61958  0.77255  0.62328  0.76826
     43   3.09248  3.83496  5.04360  4.42934  1.79144  4.26056  2.77276  2.47245  4.21699  2.32289  2.91154  4.41870  4.62412  4.35022  4.22943  3.57139  2.99515  1.98698  5.08846  1.90341     57 - -
          2.68618  4.42225  2.77519  2.73123  3.46354  2.40513  3.72494  3.29354  2.67741  2.69355  4.24690  2.90347  2.73739  3.18146  2.89801  2.37887  2.77519  2.98518  4.58477  3.61503
          0.00717  5.33723  6.05958  0.61958  0.77255  0.62328  0.76826
     44   1.56287  5.45033  3.32013  2.76375  4.75863  2.87894  2.98861  3.63221  2.08267  3.21812  4.50093  3.30498  4.21408  2.43924  2.96590  2.58862  2.82144  3.46881  5.90563  4.51832     58 - -
          2.68618  4.42225  2.77519  2.73123  3.46354  2.40513  3.72494  3.29354  2.67741  2.69355  4.24690  2.90347  2.73739  3.18146  2.89801  2.37887  2.77519  2.98518  4.58477  3.61503
          0.00717  5.33723  6.05958  0.61958  0.77255  0.62328  0.76826
     45   2.12105  5.45125  3.31892  2.24995  3.36466  3.82089  4.01211  4.22094  2.53431  3.74084  3.42053  3.19218  4.21342  2.01602  2.20710  2.68897  2.48176  3.10232  5.90633  4.51855     59 - -
          2.68618  4.42225  2.77519  2.73123  3.46354  2.40513  3.72494  3.29354  2.67741  2.69355  4.24690  2.90347  2.73739  3.18146  2.89801  2.37887  2.77519  2.98518  4.58477  3.61503
          0.00717  5.33723  6.05958  0.61958  0.77255  0.62328  0.76826
     46   3.11358  4.73607  4.17837  3.59001  3.86223  4.12782  2.67833  1.47373  2.86362  2.20421  3.84335  3.93541  4.50055  3.30112  2.16827  3.39271  3.34212  2.22512  5.32328  4.11118     60 - -
          2.68618  4.42225  2.77519  2.73123  3.46354  2.40513  3.72494  3.29354  2.67741  2.69355  4.24690  2.90347  2.73739  3.18146  2.89801  2.37887  2.77519  2.98518  4.58477  3.61503
          0.00717  5.33723  6.05958  0.61958  0.77255  0.62328  0.76826
     47   1.93993  4.36734  3.29725  2.50491  4.04132  3.13488  3.05455  3.59891  2.29694  3.79477  4.54273  3.28627  2.91525  2.49543  1.89105  3.00175  3.05715  3.87816  5.94088  4.54121     61 - -
          2.68618  4.42225  2.77519  2.73123  3.46354  2.40513  3.72494  3.29354  2.67741  2.69355  4.24690  2.90347  2.73739  3.18146  2.89801  2.37887  2.77519  2.98518  4.58477  3.61503
          0.00717  5.33723  6.05958  0.61958  0.77255  0.62328  0.76826
     48   2.79974  5.54421  2.09658  2.27952  4.89025  3.80421  2.62954  4.37669  2.00961  3.84970  4.58475  3.01348  4.19806  2.58835  2.10157  2.76932  3.26286  3.93540  5.97607  3.09149     62 - -
          2.68618  4.42225  2.77519  2.73123  3.46354  2.40513  3.72494  3.29354  2.67741  2.69355  4.24690  2.90347  2.73739  3.18146  2.89801  2.37887  2.77519  2.98518  4.58477  3.61503
          0.11411  5.33723  2.27272  0.61958  0.77255  0.62328  0.76826
     49   2.75955  5.44094  3.01506  1.19170  4.76492  3.40652  3.95347  3.60380  2.69694  3.73719  4.48772  3.23924  4.15684  2.87839  2.39299  2.95513  2.56379  3.13487  5.88667  4.48902     63 - -
          2.68618  4.42225  2.77519  2.73123  3.46354  2.40513  3.72494  3.29354  2.67741  2.69355  4.24690  2.90347  2.73739  3.18146  2.89801  2.37887  2.77519  2.98518  4.58477  3.61503
          0.02769  5.23110  3.81858  0.61958  0.77255  0.47282  0.97616
     50   3.09315  5.00007  3.72801  2.67138  4.16528  3.99370  4.20294  3.53755  2.05419  1.64146  1.78825  3.62119  4.37497  2.63650  3.43498  3.22530  3.32123  2.98010  5.54358  4.28039     64 - -
          2.68618  4.42225  2.77519  2.73123  3.46354  2.40513  3.72494  3.29354  2.67741  2.69355  4.24690  2.90347  2.73739  3.18146  2.89801  2.37887  2.77519  2.98518  4.58477  3.61503
          0.06176  5.30671  2.90163  0.61958  0.77255  0.61579  0.77700
     51   2.27486  5.43802  3.27994  1.50852  4.75394  3.15672  2.97462  3.60724  2.15154  2.93545  4.48659  3.26620  4.17900  3.08282  2.58378  2.97803  3.23214  3.10432  5.88825  4.49639     65 - -
          2.68618  4.42225  2.77519  2.73123  3.46354  2.40513  3.72494  3.29354  2.67741  2.69355  4.24690  2.90347  2.73739  3.18146  2.89801  2.37887  2.77519  2.98518  4.58477  3.61503
          0.00766  5.27152  5.99387  0.61958  0.77255  0.82129  0.57957
     52   2.45470  3.54161  3.28016  1.62420  4.74668  3.78585  3.97633  3.19210  2.07742  3.72455  4.48166  3.02642  4.17853  2.43258  2.99840  2.48653  3.23079  2.80723  5.88435  4.49312     66 - -
          2.68618  4.42225  2.77519  2.73123  3.46354  2.40513  3.72494  3.29354  2.67741  2.69355  4.24690  2.90347  2.73739  3.18146  2.89801  2.37887  2.77519  2.98518  4.58477  3.61503
          0.00766  5.27152  5.99387  0.61958  0.77255  0.82129  0.57957
     53   2.68155  5.51282  2.94226  1.61235  4.85872  3.77300  3.96029  4.34490  1.76320  3.45856  4.55347  2.60199  4.16704  2.32280  2.77287  2.96283  2.75252  3.90395  5.94461  4.53364     67 - -
          2.68618  4.42225  2.77519  2.73123  3.46354  2.40513  3.72494  3.29354  2.67741  2.69355  4.24690  2.90347  2.73739  3.18146  2.89801  2.37887  2.77519  2.98518  4.58477  3.61503
          0.10493  5.27152  2.35939  0.61958  0.77255  0.82129  0.57957
     54   2.96963  5.35748  3.27043  2.37312  4.65870  3.76078  3.94804  4.11109  1.67111  1.89096  3.58028  2.53915  4.15224  3.06214  2.68116  2.73467  2.75273  3.72454  5.81507  4.43824     68 - -
          2.68646  4.42273  2.77437  2.73093  3.46402  2.40469  3.72543  3.29368  2.67773  2.69374  4.24738  2.90305  2.73745  3.18195  2.89777  2.37920  2.77486  2.98507  4.58525  3.61551
          0.59504  0.80808  5.89737  0.79356  0.60191  0.38185  1.14759
     55   3.03410  4.15028  3.10490  2.17485  4.88258  1.51968  3.99430  4.36684  2.11084  3.84362  4.58116  2.58026  3.62106  3.09172  2.43650  2.79381  3.26538  3.92914  5.97300  4.56357     76 - -
          2.68618  4.42225  2.77519  2.73123  3.46354  2.40513  3.72494  3.29354  2.67741  2.69355  4.24690  2.90347  2.73739  3.18146  2.89801  2.37887  2.77519  2.98518  4.58477  3.61503
          0.00721  5.33222  6.05456  0.61958  0.77255  0.64035  0.74889
     56   3.03034  5.52869  3.04657  2.07259  4.86938  3.20830  3.99211  4.35152  1.68878  2.93947  4.57076  3.27460  4.19861  3.09012  1.79903  2.56517  2.76069  3.51058  5.96361  4.55637     77 - -
          2.68618  4.42225  2.77519  2.73123  3.46354  2.40513  3.72494  3.29354  2.67741  2.69355  4.24690  2.90347  2.73739  3.18146  2.89801  2.37887  2.77519  2.98518  4.58477  3.61503
          0.00721  5.33222  6.05456  0.61958  0.77255  0.64035  0.74889
     57   3.02803  4.40673  2.20162  1.98755  4.85358  3.80483  3.08331  4.02448  2.34946  3.39152  4.56041  3.27575  2.77308  3.09222  3.11904  2.99442  1.68632  3.90325  5.95536  4.54985     78 - -
          2.68618  4.42225  2.77519  2.73123  3.46354  2.40513  3.72494  3.29354  2.67741  2.69355  4.24690  2.90347  2.73739  3.18146  2.89801  2.37887  2.77519  2.98518  4.58477  3.61503
          0.00721  5.33222  6.05456  0.61958  0.77255  0.64035  0.74889
     58   3.14567  4.67509  4.58907  4.03909  3.82908  4.18816  4.62245  3.09415  3.91336  2.90667  3.43202  4.23644  1.16147  4.16047  4.10927  2.98957  3.41319  1.39591  5.34777  3.65946     79 - -
          2.68618  4.42225  2.77519  2.73123  3.46354  2.40513  3.72494  3.29354  2.67741  2.69355  4.24690  2.90347  2.73739  3.18146  2.89801  2.37887  2.77519  2.98518  4.58477  3.61503
          0.02499  5.33222  3.91970  0.61958  0.77255  0.64035  0.74889
     59   3.02449  5.50501  1.92911  2.72595  4.83772  3.63639  2.88214  3.36756  2.73192  3.80533  4.54986  2.21502  3.85163  3.09172  3.00324  2.18306  1.95162  3.88919  5.94583  4.54217     80 - -
          2.68618  4.42225  2.77519  2.73123  3.46354  2.40513  3.72494  3.29354  2.67741  2.69355  4.24690  2.90347  2.73739  3.18146  2.89801  2.37887  2.77519  2.98518  4.58477  3.61503
          0.00734  5.31456  6.03691  0.61958  0.77255  0.69762  0.68870
     60   2.77048  5.09737  2.75807  2.48557  2.08955  3.89896  4.11318  2.45382  2.95685  2.80074  4.17887  3.47023  3.19014  3.02698  1.94878  3.11052  3.26544  3.27967  5.62600  3.77281     81 - -
          2.68618  4.42225  2.77519  2.73123  3.46354  2.40513  3.72494  3.29354  2.67741  2.69355  4.24690  2.90347  2.73739  3.18146  2.89801  2.37887  2.77519  2.98518  4.58477  3.61503
          0.00734  5.31456  6.03691  0.61958  0.77255  0.69762  0.68870
     61   1.78890  4.72028  3.55693  3.15892  3.84970  2.28477  4.32486  2.03221  3.40884  1.91455  3.82774  3.84030  3.35004  3.69822  3.73622  3.00560  3.28866  2.66475  5.31106  4.08721     82 - -
          2.68618  4.42225  2.77519  2.73123  3.46354  2.40513  3.72494  3.29354  2.67741  2.69355  4.24690  2.90347  2.73739  3.18146  2.89801  2.37887  2.77519  2.98518  4.58477  3.61503
          0.00734  5.31456  6.03691  0.61958  0.77255  0.69762  0.68870
     62   2.47474  5.58553  1.92112  1.24587  4.92274  3.81883  4.03262  4.40766  2.60025  3.88757  4.63112  3.28612  4.23035  2.66871  3.28217  3.03841  3.05642  3.03486  6.02103  4.60693     83 - -
          2.68618  4.42225  2.77519  2.73123  3.46354  2.40513  3.72494  3.29354  2.67741  2.69355  4.24690  2.90347  2.73739  3.18146  2.89801  2.37887  2.77519  2.98518  4.58477  3.61503
          0.00734  5.31456  6.03691  0.61958  0.77255  0.59163  0.80615
     63   4.11890  5.34899  6.15259  5.58925  3.37890  5.53109  5.92551  2.15536  5.45209  1.17480  2.73692  5.70498  5.67343  5.43085  5.43493  4.91084  4.34272  0.93153  6.07381  5.03945     84 - -
          2.68618  4.42225  2.77519  2.73123  3.46354  2.40513  3.72494  3.29354  2.67741  2.69355  4.24690  2.90347  2.73739  3.18146  2.89801  2.37887  2.77519  2.98518  4.58477  3.61503
          0.00721  5.33222  6.05456  0.61958  0.77255  0.64035  0.74889
     64   3.27334  4.63559  5.18002  4.59427  1.17803  4.41986  3.58986  3.06470  4.38142  2.00132  2.66386  4.53997  4.77632  4.48703  4.38285  3.73488  3.50426  2.21818  3.09129  2.60224     85 - -
          2.68618  4.42225  2.77519  2.73123  3.46354  2.40513  3.72494  3.29354  2.67741  2.69355  4.24690  2.90347  2.73739  3.18146  2.89801  2.37887  2.77519  2.98518  4.58477  3.61503
          0.00721  5.33222  6.05456  0.61958  0.77255  0.64035  0.74889
     65   2.37544  5.31911  2.26098  2.27269  4.58195  3.84797  4.04647  2.10799  2.22960  2.68582  3.48138  3.35842  4.23890  2.93612  2.83851  3.04628  3.26556  2.87150  5.80442  4.44944     86 - -
          2.68618  4.42225  2.77519  2.73123  3.46354  2.40513  3.72494  3.29354  2.67741  2.69355  4.24690  2.90347  2.73739  3.18146  2.89801  2.37887  2.77519  2.98518  4.58477  3.61503
          0.00721  5.33222  6.05456  0.61958  0.77255  0.64035  0.74889
     66   2.55242  5.50363  3.29498  1.59731  4.83391  3.81017  2.89650  4.30873  1.96050  2.58075  4.03696  3.28377  4.20309  2.80636  2.51465  2.83862  3.26188  3.17535  5.94476  4.54416     87 - -
          2.68618  4.42225  2.77519  2.73123  3.46354  2.40513  3.72494  3.29354  2.67741  2.69355  4.24690  2.90347  2.73739  3.18146  2.89801  2.37887  2.77519  2.98518  4.58477  3.61503
          0.00721  5.33222  6.05456  0.61958  0.77255  0.64035  0.74889
     67   2.41166  3.18998  4.81336  4.31774  4.27518  3.32783  4.93488  3.19059  4.21171  3.36860  4.26946  4.35484  4.61872  4.43040  4.40148  2.98723  0.65457  2.88326  5.75904  4.57887     88 - -
          2.68618  4.42225  2.77519  2.73123  3.46354  2.40513  3.72494  3.29354  2.67741  2.69355  4.24690  2.90347  2.73739  3.18146  2.89801  2.37887  2.77519  2.98518  4.58477  3.61503
          0.02499  5.33222  3.91970  0.61958  0.77255  0.56224  0.84381
     68   4.35290  6.06494  4.78480  4.23760  3.53781  4.90897  0.45139  4.81696  3.31169  4.15061  5.23876  4.47598  5.27451  4.12322  2.54284  4.34930  4.52663  4.60971  5.11496  2.62867     89 - -
          2.68618  4.42225  2.77519  2.73123  3.46354  2.40513  3.72494  3.29354  2.67741  2.69355  4.24690  2.90347  2.73739  3.18146  2.89801  2.37887  2.77519  2.98518  4.58477  3.61503
          0.00724  5.32742  6.04977  0.61958  0.77255  0.65634  0.73137
     69   3.11216  5.44354  3.44639  2.87449  4.74189  3.90194  4.06551  4.17682  1.91076  3.34895  4.50178  3.39890  4.28838  2.53935  1.97261  3.10818  1.48539  3.11011  5.89295  3.74393     90 - -
          2.68624  4.42231  2.77525  2.73129  3.46359  2.40518  3.72436  3.29360  2.67725  2.69360  4.24695  2.90327  2.73745  3.18152  2.89781  2.37892  2.77525  2.98524  4.58483  3.61509
          0.11417  2.24873  6.04977  0.16719  1.87105  0.65634  0.73137
     70   3.29780  5.69790  3.61061  3.00609  5.08822  3.38854  2.79381  4.52045  1.03584  3.97495  4.75124  3.51408  4.41333  3.23322  1.71833  2.97067  3.17097  3.73422  6.06703  4.74582     92 - -
          2.68618  4.42225  2.77519  2.73123  3.46354  2.40513  3.72494  3.29354  2.67741  2.69355  4.24690  2.90347  2.73739  3.18146  2.89801  2.37887  2.77519  2.98518  4.58477  3.61503
          0.00724  5.32742  6.04977  0.61958  0.77255  0.65634  0.73137
     71   2.21787  5.49486  3.30664  2.74965  4.82491  3.81574  3.44760  4.29590  1.63055  3.79388  4.54392  3.29292  2.34996  3.10691  2.70780  1.93509  2.98860  3.50547  5.93989  4.54403     93 - -
          2.68618  4.42225  2.77519  2.73123  3.46354  2.40513  3.72494  3.29354  2.67741  2.69355  4.24690  2.90347  2.73739  3.18146  2.89801  2.37887  2.77519  2.98518  4.58477  3.61503
          0.00724  5.32742  6.04977  0.61958  0.77255  0.57560  0.82638
     72   3.55349  6.12543  0.66549  2.89038  5.45468  4.00915  4.40324  4.96134  2.46858  4.42110  5.21369  2.41774  4.54819  3.53648  3.25802  3.46313  3.25366  4.51639  6.54932  5.08867     94 - -
          2.68618  4.42225  2.77519  2.73123  3.46354  2.40513  3.72494  3.29354  2.67741  2.69355  4.24690  2.90347  2.73739  3.18146  2.89801  2.37887  2.77519  2.98518  4.58477  3.61503
          0.00715  5.34056  6.06291  0.61958  0.77255  0.61174  0.78178
     73   3.16069  5.92804  3.22555  2.23462  5.47171  0.61876  4.55521  4.94374  2.64677  4.45263  5.27241  3.61222  4.62846  3.70958  3.84162  3.53499  3.50131  4.49524  6.60343  5.19974     95 - -
          2.68618  4.42225  2.77519  2.73123  3.46354  2.40513  3.72494  3.29354  2.67741  2.69355  4.24690  2.90347  2.73739  3.18146  2.89801  2.37887  2.77519  2.98518  4.58477  3.61503
          0.00715  5.34056  6.06291  0.61958  0.77255  0.61174  0.78178
     74   3.03867  5.54694  3.02007  2.59178  4.89174  3.80994  3.57841  4.37672  2.05637  3.85143  4.58809  2.64993  4.20433  2.86325  2.65627  1.84876  1.64855  3.93752  5.97903  4.56928     96 - -
          2.68622  4.42248  2.77465  2.73109  3.46376  2.40506  3.72517  3.29377  2.67763  2.69377  4.24712  2.90369  2.73725  3.18136  2.89823  2.37867  2.77519  2.98493  4.58500  3.61526
          0.27262  1.93646  2.36015  0.97915  0.47101  0.61174  0.78178
     75   3.11232  4.51820  4.84032  4.24932  1.79129  4.24612  4.48412  2.70383  4.07877  2.26806  3.63622  4.31818  2.41147  3.56202  4.15925  3.11910  3.34398  2.77237  3.39852  1.64049    103 - -
          2.68618  4.42225  2.77519  2.73123  3.46354  2.40513  3.72494  3.29354  2.67741  2.69355  4.24690  2.90347  2.73739  3.18146  2.89801  2.37887  2.77519  2.98518  4.58477  3.61503
          0.00787  5.24396  5.96631  0.61958  0.77255  0.77412  0.61825
     76   2.59982  4.51544  3.80643  4.29111  3.63325  4.28233  4.61703  2.08364  4.12367  2.35066  3.13687  4.37589  4.64403  4.29668  4.20797  3.31213  2.73094  0.98639  5.17410  3.99095    104 - -
          2.68618  4.42225  2.77519  2.73123  3.46354  2.40513  3.72494  3.29354  2.67741  2.69355  4.24690  2.90347  2.73739  3.18146  2.89801  2.37887  2.77519  2.98518  4.58477  3.61503
          0.00771  5.26488  5.98723  0.61958  0.77255  0.83864  0.56616
     77   3.00976  3.58458  1.20419  2.42428  4.81240  3.30008  3.97649  3.73497  2.37983  3.78218  4.52972  2.84293  4.17852  3.07912  3.21267  2.75567  2.76690  3.86559  5.92627  4.52375    105 - -
          2.68618  4.42225  2.77519  2.73123  3.46354  2.40513  3.72494  3.29354  2.67741  2.69355  4.24690  2.90347  2.73739  3.18146  2.89801  2.37887  2.77519  2.98518  4.58477  3.61503
          0.00771  5.26488  5.98723  0.61958  0.77255  0.73264  0.65515
     78   2.61303  5.52233  2.56795  2.04489  4.86835  2.29531  3.96776  4.35520  2.08828  3.82788  4.56299  2.98680  2.90008  2.33112  2.36437  2.96997  3.23997  3.91353  5.95411  4.54218    106 - -
          2.68618  4.42225  2.77519  2.73123  3.46354  2.40513  3.72494  3.29354  2.67741  2.69355  4.24690  2.90347  2.73739  3.18146  2.89801  2.37887  2.77519  2.98518  4.58477  3.61503
          0.00757  5.28343  6.00578  0.61958  0.77255  0.78909  0.60561
     79   2.64758  5.52170  3.31589  2.18026  4.86460  3.82112  3.05795  4.33576  1.28359  3.36691  4.56608  3.29331  4.21158  3.09366  2.08021  3.01684  3.02893  3.45391  5.94822  4.55768    107 - -
          2.68618  4.42225  2.77519  2.73123  3.46354  2.40513  3.72494  3.29354  2.67741  2.69355  4.24690  2.90347  2.73739  3.18146  2.89801  2.37887  2.77519  2.98518  4.58477  3.61503
          0.00757  5.28343  6.00578  0.61958  0.77255  0.46099  0.99604
     80   1.42768  4.74779  4.02749  3.45813  3.39557  4.07056  4.33270  2.58597  3.02973  2.95639  3.45238  3.84144  4.44911  3.37090  3.73769  1.62427  2.81930  2.78262  5.33664  4.11065    108 - -
          2.68618  4.42225  2.77519  2.73123  3.46354  2.40513  3.72494  3.29354  2.67741  2.69355  4.24690  2.90347  2.73739  3.18146  2.89801  2.37887  2.77519  2.98518  4.58477  3.61503
          0.00711  5.34529  6.06764  0.61958  0.77255  0.59502  0.80196
     81   2.37718  5.54623  3.28723  1.33338  4.89104  3.81189  3.99804  4.37563  2.20701  3.85062  4.58732  3.00145  4.20546  2.47740  2.40076  2.66982  3.04954  3.93681  5.97831  3.79921    109 - -
          2.68618  4.42225  2.77519  2.73123  3.46354  2.40513  3.72494  3.29354  2.67741  2.69355  4.24690  2.90347  2.73739  3.18146  2.89801  2.37887  2.77519  2.98518  4.58477  3.61503
          0.00711  5.34529  6.06764  0.61958  0.77255  0.59502  0.80196
     82   2.54261  5.54206  2.60826  1.70035  3.98218  3.37481  3.59171  3.65388  2.03027  3.14421  4.58292  3.04241  4.20078  2.65973  2.45137  2.60488  3.26441  3.63932  5.97521  4.56473    110 - -
          2.68618  4.42225  2.77519  2.73123  3.46354  2.40513  3.72494  3.29354  2.67741  2.69355  4.24690  2.90347  2.73739  3.18146  2.89801  2.37887  2.77519  2.98518  4.58477  3.61503
          0.00711  5.34529  6.06764  0.61958  0.77255  0.59502  0.80196
     83   2.64795  4.52923  4.89202  4.29182  3.63447  4.27897  3.72331  1.26030  3.57800  2.40261  3.64996  4.37299  4.64320  4.29060  4.19863  3.58303  2.33170  1.58653  5.16512  3.98324    111 - -
          2.68618  4.42225  2.77519  2.73123  3.46354  2.40513  3.72494  3.29354  2.67741  2.69355  4.24690  2.90347  2.73739  3.18146  2.89801  2.37887  2.77519  2.98518  4.58477  3.61503
          0.00711  5.34529  6.06764  0.61958  0.77255  0.59502  0.80196
     84   1.90538  4.47417  5.02432  4.41133  2.95091  3.36684  3.66516  2.10150  4.20365  2.14774  2.65857  4.41133  4.62398  4.34119  4.22372  3.56985  3.32645  1.91730  5.09535  2.13798    112 - -
          2.68618  4.42225  2.77519  2.73123  3.46354  2.40513  3.72494  3.29354  2.67741  2.69355  4.24690  2.90347  2.73739  3.18146  2.89801  2.37887  2.77519  2.98518  4.58477  3.61503
          0.00711  5.34529  6.06764  0.61958  0.77255  0.49391  0.94222
     85   2.79350  5.55562  2.00484  1.81232  4.90082  3.81625  4.00435  4.38707  1.88091  3.61049  4.59635  2.52255  4.21049  2.63069  3.23255  2.71136  2.84013  3.14587  5.98811  4.57677    113 - -
          2.68618  4.42225  2.77519  2.73123  3.46354  2.40513  3.72494  3.29354  2.67741  2.69355  4.24690  2.90347  2.73739  3.18146  2.89801  2.37887  2.77519  2.98518  4.58477  3.61503
          0.00700  5.36160  6.08394  0.61958  0.77255  0.53454  0.88174
     86   2.55539  5.54737  2.85390  2.17769  4.89041  3.81606  4.00332  3.85567  2.09430  2.94016  3.53911  2.59452  3.63330  2.17184  2.55017  2.84726  2.54839  3.46438  5.98127  4.57154    114 - -
          2.68618  4.42225  2.77519  2.73123  3.46354  2.40513  3.72494  3.29354  2.67741  2.69355  4.24690  2.90347  2.73739  3.18146  2.89801  2.37887  2.77519  2.98518  4.58477  3.61503
          0.00700  5.36160  6.08394  0.61958  0.77255  0.53454  0.88174
     87   2.76536  4.55293  5.14654  4.53388  2.48028  4.36218  4.69367  2.67495  4.32231  1.99115  2.73462  4.52315  4.71703  4.44735  4.33040  3.67564  3.41623  1.43658  5.17233  1.74615    115 - -
          2.68618  4.42225  2.77519  2.73123  3.46354  2.40513  3.72494  3.29354  2.67741  2.69355  4.24690  2.90347  2.73739  3.18146  2.89801  2.37887  2.77519  2.98518  4.58477  3.61503
          0.00700  5.36160  6.08394  0.61958  0.77255  0.53454  0.88174
     88   2.88173  5.55211  2.93534  2.09721  4.89722  3.81517  3.25156  3.69297  2.04582  3.85741  4.59277  2.80755  4.20864  2.13411  2.78597  2.30968  2.44087  3.55952  5.98477  3.27144    116 - -
          2.68618  4.42225  2.77519  2.73123  3.46354  2.40513  3.72494  3.29354  2.67741  2.69355  4.24690  2.90347  2.73739  3.18146  2.89801  2.37887  2.77519  2.98518  4.58477  3.61503
          0.00700  5.36160  6.08394  0.61958  0.77255  0.53454  0.88174
     89   3.04322  5.55548  2.81693  1.81894  4.90154  3.81619  3.32079  4.38790  1.98105  3.86096  3.91690  3.28335  4.20979  2.00119  2.68228  2.02414  3.00719  3.94668  5.98735  4.57622    117 - -
          2.68618  4.42225  2.77519  2.73123  3.46354  2.40513  3.72494  3.29354  2.67741  2.69355  4.24690  2.90347  2.73739  3.18146  2.89801  2.37887  2.77519  2.98518  4.58477  3.61503
          0.00700  5.36160  6.08394  0.61958  0.77255  0.53454  0.88174
     90   2.86508  4.20873  3.46527  2.61666  4.46940  3.88895  3.70576  2.59236  2.60980  2.12099  4.30847  2.48930  4.27843  2.73709  1.91256  2.76854  3.28473  3.22773  5.74247  3.40421    118 - -
          2.68618  4.42225  2.77519  2.73123  3.46354  2.40513  3.72494  3.29354  2.67741  2.69355  4.24690  2.90347  2.73739  3.18146  2.89801  2.37887  2.77519  2.98518  4.58477  3.61503
          0.00700  5.36160  6.08394  0.61958  0.77255  0.53454  0.88174
     91   2.51295  3.86054  3.88485  4.33154  3.59672  4.26122  4.58829  1.81773  4.14502  1.31918  3.22925  4.37915  4.62605  4.30124  3.16353  3.12393  3.33817  1.93533  5.12315  3.94389    119 - -
          2.68618  4.42225  2.77519  2.73123  3.46354  2.40513  3.72494  3.29354  2.67741  2.69355  4.24690  2.90347  2.73739  3.18146  2.89801  2.37887  2.77519  2.98518  4.58477  3.61503
          0.00700  5.36160  6.08394  0.61958  0.77255  0.53454  0.88174
     92   2.22711  5.52980  3.30023  1.94589  3.93235  3.81970  3.45033  4.34446  2.47015  3.47517  4.57301  3.29093  4.21293  1.81309  2.73952  2.34908  2.56902  3.45682  5.96824  4.56324    120 - -
          2.68618  4.42225  2.77519  2.73123  3.46354  2.40513  3.72494  3.29354  2.67741  2.69355  4.24690  2.90347  2.73739  3.18146  2.89801  2.37887  2.77519  2.98518  4.58477  3.61503
          0.02426  5.36160  3.94908  0.61958  0.77255  0.53454  0.88174
     93   2.84791  5.54297  2.80304  1.29954  4.88651  3.80904  3.99685  4.37129  2.33470  2.93148  4.58418  3.02404  4.20306  2.05304  2.98373  2.99891  3.01008  3.53433  5.97633  4.56640    121 - -
          2.68618  4.42225  2.77519  2.73123  3.46354  2.40513  3.72494  3.29354  2.67741  2.69355  4.24690  2.90347  2.73739  3.18146  2.89801  2.37887  2.77519  2.98518  4.58477  3.61503
          0.00712  5.34446  6.06680  0.61958  0.77255  0.49201  0.94520
     94   2.90649  5.54875  3.29227  2.18509  4.89231  3.38738  4.00336  4.37708  2.15166  2.78263  3.83195  2.30144  3.00791  2.50644  1.99605  2.66592  2.97498  3.93858  5.98226  4.57241    122 - -
          2.68618  4.42225  2.77519  2.73123  3.46354  2.40513  3.72494  3.29354  2.67741  2.69355  4.24690  2.90347  2.73739  3.18146  2.89801  2.37887  2.77519  2.98518  4.58477  3.61503
          0.00700  5.36160  6.08394  0.61958  0.77255  0.53454  0.88174
     95   2.79229  5.49778  2.83534  1.76922  4.82001  3.82586  4.01544  3.69857  2.51039  2.21921  3.36148  3.30265  3.07849  2.41750  3.02245  2.41722  3.01717  3.31810  5.94438  4.54763    123 - -
          2.68618  4.42225  2.77519  2.73123  3.46354  2.40513  3.72494  3.29354  2.67741  2.69355  4.24690  2.90347  2.73739  3.18146  2.89801  2.37887  2.77519  2.98518  4.58477  3.61503
          0.00700  5.36160  6.08394  0.61958  0.77255  0.53454  0.88174
     96   2.71357  5.54624  2.85412  2.31426  4.30440  2.74554  3.54079  4.37291  2.56356  3.44338  4.58757  3.01114  3.62237  2.49162  3.23177  1.49288  2.66347  3.52889  5.98046  4.57104    124 - -
          2.68618  4.42225  2.77519  2.73123  3.46354  2.40513  3.72494  3.29354  2.67741  2.69355  4.24690  2.90347  2.73739  3.18146  2.89801  2.37887  2.77519  2.98518  4.58477  3.61503
          0.00700  5.36160  6.08394  0.61958  0.77255  0.53454  0.88174
     97   2.72728  4.04782  2.53604  1.79280  4.88315  3.81705  3.22306  3.75548  2.74092  3.00153  4.58409  2.71633  3.29424  2.24475  3.23302  2.38372  2.51451  3.93068  5.97755  4.56916    125 - -
          2.68618  4.42225  2.77519  2.73123  3.46354  2.40513  3.72494  3.29354  2.67741  2.69355  4.24690  2.90347  2.73739  3.18146  2.89801  2.37887  2.77519  2.98518  4.58477  3.61503
          0.00700  5.36160  6.08394  0.61958  0.77255  0.53454  0.88174
     98   2.65687  3.77026  4.73097  3.55195  2.76669  4.22679  4.54115  2.59179  3.52451  1.88370  2.34821  4.27297  4.59410  3.54435  4.11107  1.57291  3.06985  2.51008  5.14923  3.96397    126 - -
          2.68618  4.42225  2.77519  2.73123  3.46354  2.40513  3.72494  3.29354  2.67741  2.69355  4.24690  2.90347  2.73739  3.18146  2.89801  2.37887  2.77519  2.98518  4.58477  3.61503
          0.00700  5.36160  6.08394  0.61958  0.77255  0.53454  0.88174
     99   2.83491  3.01183  2.30911  1.85904  3.92889  2.66729  4.01667  4.28566  2.76157  3.79029  4.54240  3.07341  4.21971  2.53578  3.25005  2.27355  3.00077  2.59387  5.94269  4.54669    127 - -
          2.68618  4.42225  2.77519  2.73123  3.46354  2.40513  3.72494  3.29354  2.67741  2.69355  4.24690  2.90347  2.73739  3.18146  2.89801  2.37887  2.77519  2.98518  4.58477  3.61503
          0.05301  5.36160  3.05891  0.61958  0.77255  0.53454  0.88174
    100   1.89473  5.50426  2.89978  2.59024  4.83859  3.10585  3.55231  3.61847  2.58622  3.32028  4.54775  2.99149  4.19042  2.43419  3.02367  1.78751  2.64232  3.44869  5.94342  4.53902    128 - -
          2.68618  4.42225  2.77519  2.73123  3.46354  2.40513  3.72494  3.29354  2.67741  2.69355  4.24690  2.90347  2.73739  3.18146  2.89801  2.37887  2.77519  2.98518  4.58477  3.61503
          0.05926  5.31591  2.94462  0.61958  0.77255  0.69341  0.69289
    101   2.74325  5.41429  2.49575  1.81620  4.14108  2.28310  3.97850  4.18329  2.73012  2.87039  4.46588  3.26981  4.17908  3.08847  3.21592  2.08790  2.45059  3.28152  5.87084  4.48347    129 - -
          2.68618  4.42225  2.77519  2.73123  3.46354  2.40513  3.72494  3.29354  2.67741  2.69355  4.24690  2.90347  2.73739  3.18146  2.89801  2.37887  2.77519  2.98518  4.58477  3.61503
          0.03339  5.26437  3.58772  0.61958  0.77255  0.83997  0.56515
    102   2.11498  5.47482  2.20080  2.36807  4.81225  2.99760  3.94678  3.74021  2.51416  3.17305  4.51754  2.77971  4.15215  3.04563  2.95265  2.26752  2.11977  3.86136  5.91212  4.50577    130 - -
          2.68618  4.42225  2.77519  2.73123  3.46354  2.40513  3.72494  3.29354  2.67741  2.69355  4.24690  2.90347  2.73739  3.18146  2.89801  2.37887  2.77519  2.98518  4.58477  3.61503
          0.02957  5.23889  3.73697  0.61958  0.77255  0.90278  0.51994
    103   2.27305  5.43708  2.96273  2.29805  4.76395  2.63529  3.94512  3.64989  2.68831  3.73538  4.48430  2.34377  2.87193  3.04816  3.17779  1.82364  3.01154  3.09240  5.88288  4.48383    131 - -
          2.68618  4.42225  2.77519  2.73123  3.46354  2.40513  3.72494  3.29354  2.67741  2.69355  4.24690  2.90347  2.73739  3.18146  2.89801  2.37887  2.77519  2.98518  4.58477  3.61503
          0.08874  5.21742  2.53208  0.61958  0.77255  0.95171  0.48789
    104   1.95691  5.42486  3.19237  2.11498  4.76111  3.71254  3.90060  3.81129  2.46802  3.72637  4.46795  2.69969  2.54970  2.67185  2.88882  2.10609  2.75858  3.59948  5.86290  4.45744    132 - -
          2.68618  4.42225  2.77519  2.73123  3.46354  2.40513  3.72494  3.29354  2.67741  2.69355  4.24690  2.90347  2.73739  3.18146  2.89801  2.37887  2.77519  2.98518  4.58477  3.61503
          0.09979  5.13744  2.41795  0.61958  0.77255  0.77797  0.61496
    105   2.93223  5.34464  3.22172  1.85047  4.65099  3.72189  3.34474  3.65934  2.41025  3.00509  4.39574  2.87091  4.11433  2.77024  2.90129  2.07588  2.88683  2.19299  5.80110  4.41509    133 - -
          2.68618  4.42225  2.77519  2.73123  3.46354  2.40513  3.72494  3.29354  2.67741  2.69355  4.24690  2.90347  2.73739  3.18146  2.89801  2.37887  2.77519  2.98518  4.58477  3.61503
          0.05513  5.12544  3.04302  0.61958  0.77255  1.12839  0.39090
    106   2.48286  4.98403  3.48679  2.93820  4.28331  2.67859  4.07913  3.17901  2.63414  3.07560  4.15890  3.41855  4.20062  3.26437  3.35757  1.13158  2.87116  3.37105  5.60314  4.30273    134 - -
          2.68618  4.42225  2.77519  2.73123  3.46354  2.40513  3.72494  3.29354  2.67741  2.69355  4.24690  2.90347  2.73739  3.18146  2.89801  2.37887  2.77519  2.98518  4.58477  3.61503
          0.13155  5.07961  2.14520  0.61958  0.77255  1.20101  0.35795
    107   2.16674  5.16314  1.91783  2.65543  4.44466  3.06700  3.87884  3.88018  2.65463  3.09858  4.23774  3.18482  4.06675  3.00832  2.93214  2.35604  2.32187  2.78255  5.65712  4.29795    135 - -
          2.68618  4.42225  2.77519  2.73123  3.46354  2.40513  3.72494  3.29354  2.67741  2.69355  4.24690  2.90347  2.73739  3.18146  2.89801  2.37887  2.77519  2.98518  4.58477  3.61503
          0.04843  4.95854  3.21258  0.61958  0.77255  1.35825  0.29721
    108   2.43735  5.10856  2.91519  2.68267  4.40259  1.59810  3.90175  3.83101  2.69256  2.89480  3.74847  2.75570  4.07237  3.04113  3.16296  2.14342  3.10035  3.48170  5.63801  4.28938    136 - -
          2.68618  4.42225  2.77519  2.73123  3.46354  2.40513  3.72494  3.29354  2.67741  2.69355  4.24690  2.90347  2.73739  3.18146  2.89801  2.37887  2.77519  2.98518  4.58477  3.61503
          0.01089  4.92100  5.64335  0.61958  0.77255  1.39905  0.28346
    109   2.88285  5.22702  3.14432  2.22682  4.52374  3.65914  3.87735  3.96851  2.64426  3.04598  4.30063  2.97482  4.06641  2.75125  3.11981  1.57931  1.87615  3.59539  5.70992  4.33951    137 - -
          2.68618  4.42225  2.77519  2.73123  3.46354  2.40513  3.72494  3.29354  2.67741  2.69355  4.24690  2.90347  2.73739  3.18146  2.89801  2.37887  2.77519  2.98518  4.58477  3.61503
          0.01089  4.92100  5.64335  0.61958  0.77255  1.39905  0.28346
    110   2.32534  5.20744  3.18355  2.43940  4.68702  2.06114  3.98097  4.14862  2.76393  3.68358  4.45282  2.85970  3.62452  3.10422  3.24587  1.43897  2.91877  3.72074  5.85603  4.48013    138 - -
          2.68618  4.42225  2.77519  2.73123  3.46354  2.40513  3.72494  3.29354  2.67741  2.69355  4.24690  2.90347  2.73739  3.18146  2.89801  2.37887  2.77519  2.98518  4.58477  3.61503
          0.01089  4.92100  5.64335  0.61958  0.77255  1.39905  0.28346
    111   2.85359  5.05427  3.25396  2.51210  4.29403  2.20948  3.88562  3.35676  2.67960  2.66916  4.12543  3.21447  4.07335  2.65773  2.04024  2.35960  3.08461  2.69759  5.55576  4.22171    139 - -
          2.68545  4.42234  2.77635  2.73152  3.46463  2.40654  3.72507  3.29301  2.67882  2.69171  4.24831  2.90461  2.73802  3.18264  2.89745  2.37684  2.77344  2.98437  4.58544  3.61609
          1.42235  0.35213  2.88840  1.63599  0.21661  1.39905  0.28346
    112   2.68906  5.31867  2.47701  1.89954  3.72969  3.60012  2.41945  4.13688  2.52778  3.62065  4.36151  2.91000  3.99446  2.75729  2.62720  2.54713  2.40484  3.70522  5.75581  4.34915    152 - -
          2.68618  4.42225  2.77519  2.73123  3.46354  2.40513  3.72494  3.29354  2.67741  2.69355  4.24690  2.90347  2.73739  3.18146  2.89801  2.37887  2.77519  2.98518  4.58477  3.61503
          0.05701  4.86747  3.04226  0.61958  0.77255  0.37888  1.15400
    113   2.51673  5.41591  1.63986  2.12516  4.73134  3.76444  3.95484  4.19691  2.54419  2.88124  4.46448  3.24431  4.15719  2.86484  2.72646  2.95588  2.72054  3.50584  4.15826  3.02659    153 - -
          2.68618  4.42225  2.77519  2.73123  3.46354  2.40513  3.72494  3.29354  2.67741  2.69355  4.24690  2.90347  2.73739  3.18146  2.89801  2.37887  2.77519  2.98518  4.58477  3.61503
          0.00799  5.22897  5.95132  0.61958  0.77255  0.92581  0.50453
    114   2.98705  3.20143  3.40847  2.36620  3.75919  3.82603  3.15180  3.34506  1.55435  3.09343  4.22843  3.36564  3.21777  2.81539  3.08512  3.03076  3.21838  2.67493  5.66413  3.06440    154 - -
          2.68618  4.42225  2.77519  2.73123  3.46354  2.40513  3.72494  3.29354  2.67741  2.69355  4.24690  2.90347  2.73739  3.18146  2.89801  2.37887  2.77519  2.98518  4.58477  3.61503
          0.00799  5.22897  5.95132  0.61958  0.77255  0.68936  0.69695
    115   3.00991  4.01590  1.99728  2.41438  4.83108  3.09105  3.97421  4.31023  2.71601  3.79764  4.54105  1.83970  4.17766  2.83568  3.20805  2.77580  1.95638  3.88177  5.93598  3.79736    155 - -
          2.68618  4.42225  2.77519  2.73123  3.46354  2.40513  3.72494  3.29354  2.67741  2.69355  4.24690  2.90347  2.73739  3.18146  2.89801  2.37887  2.77519  2.98518  4.58477  3.61503
          0.00764  5.27422  5.99657  0.61958  0.77255  0.56393  0.84158
    116   2.78859  5.53458  2.16523  1.75285  4.88023  3.79563  3.48413  4.36646  1.95269  3.83995  4.57519  3.26288  4.18942  2.28971  2.71954  2.98483  2.58076  3.23299  5.96672  4.55561    156 - -
          2.68618  4.42225  2.77519  2.73123  3.46354  2.40513  3.72494  3.29354  2.67741  2.69355  4.24690  2.90347  2.73739  3.18146  2.89801  2.37887  2.77519  2.98518  4.58477  3.61503
          0.00729  5.32029  6.04264  0.61958  0.77255  0.67951  0.70698
    117   2.06818  3.45304  3.85857  4.52070  3.37391  4.42683  4.78108  0.93317  4.33725  2.40538  3.72283  4.55950  4.78170  4.49406  4.38775  3.74231  3.46241  2.15655  5.29564  4.11388    157 - -
          2.68618  4.42225  2.77519  2.73123  3.46354  2.40513  3.72494  3.29354  2.67741  2.69355  4.24690  2.90347  2.73739  3.18146  2.89801  2.37887  2.77519  2.98518  4.58477  3.61503
          0.00729  5.32029  6.04264  0.61958  0.77255  0.67951  0.70698
    118   3.38351  4.73900  5.23401  4.66955  1.24397  4.51112  4.54288  3.16932  4.46167  2.60581  3.07388  4.59671  3.79187  4.55314  4.46414  3.82812  3.61357  2.50289  2.69407  1.57870    158 - -
          2.68784  4.42159  2.77685  2.73104  3.45634  2.40678  3.72506  3.29520  2.67831  2.69013  4.24855  2.90445  2.73905  3.18066  2.89916  2.37742  2.77521  2.98354  4.58643  3.61393
          0.32326  1.72526  2.32190  2.69502  0.06993  0.51688  0.90728
    119   2.76631  5.16097  3.42188  2.39163  4.38878  3.83757  3.72694  3.08843  2.48266  1.80157  4.23472  3.05455  4.22677  2.94879  2.69444  2.50805  2.55899  2.67018  5.67097  3.59821    186 - -
          2.68618  4.42225  2.77519  2.73123  3.46354  2.40513  3.72494  3.29354  2.67741  2.69355  4.24690  2.90347  2.73739  3.18146  2.89801  2.37887  2.77519  2.98518  4.58477  3.61503
          0.00783  5.25015  5.97249  0.61958  0.77255  0.40304  1.10349
    120   2.79158  5.54503  3.05000  1.89891  4.88995  3.32958  3.99568  3.51829  2.09630  3.52767  4.58575  3.02558  4.20213  1.79274  2.47154  2.82380  2.55703  3.93559  5.97776  4.56699    187 - -
          2.68618  4.42225  2.77519  2.73123  3.46354  2.40513  3.72494  3.29354  2.67741  2.69355  4.24690  2.90347  2.73739  3.18146  2.89801  2.37887  2.77519  2.98518  4.58477  3.61503
          0.02023  5.34788  4.18212  0.61958  0.77255  0.42797  1.05507
    121   2.24813  3.16556  4.51356  3.11639  3.68963  4.19027  4.49017  2.62546  3.81563  2.39754  3.32594  4.15371  4.56047  3.17627  4.01068  1.89201  3.32727  1.47946  5.19500  4.00104    188 - -
          2.68618  4.42225  2.77519  2.73123  3.46354  2.40513  3.72494  3.29354  2.67741  2.69355  4.24690  2.90347  2.73739  3.18146  2.89801  2.37887  2.77519  2.98518  4.58477  3.61503
          0.00700  5.36116  6.08351  0.61958  0.77255  0.45547  1.00554
    122   2.44258  3.36905  4.99919  4.38908  2.63878  4.27178  4.60178  2.92895  4.19047  2.35263  2.38792  4.40933  4.63633  4.33595  3.49823  3.18823  1.84908  1.51745  5.11841  3.94066    189 - -
          2.68618  4.42225  2.77519  2.73123  3.46354  2.40513  3.72494  3.29354  2.67741  2.69355  4.24690  2.90347  2.73739  3.18146  2.89801  2.37887  2.77519  2.98518  4.58477  3.61503
          0.00691  5.37387  6.09621  0.61958  0.77255  0.48576  0.95510
    123   2.16502  5.53271  3.31300  1.82083  4.86097  1.42011  3.34458  4.33014  2.53563  3.83581  4.59145  3.33300  4.25556  3.16617  3.29625  2.74161  3.32093  3.44455  5.98913  4.59285    190 - -
          2.68618  4.42225  2.77519  2.73123  3.46354  2.40513  3.72494  3.29354  2.67741  2.69355  4.24690  2.90347  2.73739  3.18146  2.89801  2.37887  2.77519  2.98518  4.58477  3.61503
          0.00691  5.37387  6.09621  0.61958  0.77255  0.48576  0.95510
    124   2.92355  5.49997  3.03848  2.76885  4.82045  2.29098  4.02425  3.25304  1.81542  3.79463  4.54756  3.31246  1.93678  3.12929  2.51551  2.87915  2.75357  3.87741  5.94781  3.83746    191 - -
          2.68618  4.42225  2.77519  2.73123  3.46354  2.40513  3.72494  3.29354  2.67741  2.69355  4.24690  2.90347  2.73739  3.18146  2.89801  2.37887  2.77519  2.98518  4.58477  3.61503
          0.00691  5.37387  6.09621  0.61958  0.77255  0.48576  0.95510
    125   3.04977  5.55994  1.79503  2.01094  4.90483  3.82267  4.01018  4.39062  2.14652  3.40150  4.60075  2.77062  4.21655  3.10670  2.14999  2.48585  2.84824  3.31888  5.99258  4.58178    192 - -
          2.68618  4.42225  2.77519  2.73123  3.46354  2.40513  3.72494  3.29354  2.67741  2.69355  4.24690  2.90347  2.73739  3.18146  2.89801  2.37887  2.77519  2.98518  4.58477  3.61503
          0.00691  5.37387  6.09621  0.61958  0.77255  0.48576  0.95510
    126   2.93198  5.56052  2.84057  2.60576  4.90559  2.93052  3.03138  4.39131  1.33164  3.86561  4.60137  3.29073  3.66103  3.10708  2.60797  2.20138  2.65602  3.95120  5.99301  4.58236    193 - -
          2.68618  4.42225  2.77519  2.73123  3.46354  2.40513  3.72494  3.29354  2.67741  2.69355  4.24690  2.90347  2.73739  3.18146  2.89801  2.37887  2.77519  2.98518  4.58477  3.61503
          0.04085  5.37387  3.34127  0.61958  0.77255  0.48576  0.95510
    127   3.19696  5.64478  3.48084  2.89699  5.01436  3.95053  2.31135  4.46879  1.38872  3.93050  4.69029  3.42245  2.76740  2.95469  1.79647  2.71790  3.41508  4.05128  6.03580  3.78082    194 - -
          2.68623  4.42230  2.77525  2.73129  3.46359  2.40504  3.72500  3.29359  2.67746  2.69360  4.24695  2.90352  2.73745  3.18152  2.89731  2.37892  2.77525  2.98524  4.58482  3.61508
          0.13116  2.31310  3.73093  0.17385  1.83525  0.41364  1.08245
    128   3.31018  5.40975  3.66694  3.19086  4.65305  0.77954  4.31384  4.13811  3.00628  3.06024  4.57998  2.62926  4.50473  3.49384  2.67180  3.36353  3.55933  3.82044  5.91479  4.02589    196 - -
          2.68618  4.42225  2.77519  2.73123  3.46354  2.40513  3.72494  3.29354  2.67741  2.69355  4.24690  2.90347  2.73739  3.18146  2.89801  2.37887  2.77519  2.98518  4.58477  3.61503
          0.00706  5.35272  6.07507  0.61958  0.77255  0.56804  0.83618
    129   3.26497  5.62009  3.59154  2.99721  4.96461  4.02167  3.32547  4.39505  2.49543  3.88887  4.67454  2.32479  4.40052  2.93939  0.96055  3.24683  3.47828  2.89652  6.01573  3.80890    197 - -
          2.68618  4.42225  2.77519  2.73123  3.46354  2.40513  3.72494  3.29354  2.67741  2.69355  4.24690  2.90347  2.73739  3.18146  2.89801  2.37887  2.77519  2.98518  4.58477  3.61503
          0.00706  5.35272  6.07507  0.61958  0.77255  0.56804  0.83618
    130   2.80178  3.34507  5.01926  4.40811  3.58215  3.35463  4.60338  1.84021  4.20466  2.14819  3.60661  4.41677  2.28922  4.34589  4.23126  3.58026  3.33781  1.49568  5.11211  2.80456    198 - -
          2.68618  4.42225  2.77519  2.73123  3.46354  2.40513  3.72494  3.29354  2.67741  2.69355  4.24690  2.90347  2.73739  3.18146  2.89801  2.37887  2.77519  2.98518  4.58477  3.61503
          0.00706  5.35272  6.07507  0.61958  0.77255  0.56804  0.83618
    131   3.60694  5.14463  4.66979  4.12705  2.33000  4.57142  3.53048  3.65059  3.95845  3.29040  4.26870  4.35029  4.93003  4.23829  1.76333  3.36756  3.83380  2.97583  4.88632  0.94778    199 - -
          2.68622  4.42229  2.77523  2.73127  3.46358  2.40508  3.72498  3.29358  2.67744  2.69347  4.24693  2.90350  2.73743  3.18150  2.89804  2.37890  2.77505  2.98522  4.58481  3.61464
          0.04069  3.28141  6.07507  0.66102  0.72634  0.43755  1.03737
    132   3.13751  3.30500  4.74043  4.17471  3.80780  0.80842  4.65977  3.12151  4.03691  2.44434  3.82760  4.30870  4.63393  4.24969  4.19137  3.51751  3.07146  2.57008  5.32492  3.26240    202 - -
          2.68618  4.42225  2.77519  2.73123  3.46354  2.40513  3.72494  3.29354  2.67741  2.69355  4.24690  2.90347  2.73739  3.18146  2.89801  2.37887  2.77519  2.98518  4.58477  3.61503
          0.00691  5.37387  6.09621  0.61958  0.77255  0.48576  0.95510
    133   2.79936  4.51660  3.57738  4.30838  3.22203  4.26572  4.58982  2.94669  4.12864  1.29243  2.75143  4.37177  4.63044  3.52929  4.19514  3.56967  3.34709  1.63701  5.13478  2.46371    203 - -
          2.68618  4.42225  2.77519  2.73123  3.46354  2.40513  3.72494  3.29354  2.67741  2.69355  4.24690  2.90347  2.73739  3.18146  2.89801  2.37887  2.77519  2.98518  4.58477  3.61503
          0.00691  5.37387  6.09621  0.61958  0.77255  0.48576  0.95510
    134   2.85254  5.30232  3.75343  3.36481  4.87748  0.61050  3.34236  4.29336  3.05347  3.91803  4.75025  3.79959  3.60829  3.74886  3.76598  3.34324  3.58474  3.35588  6.16129  4.87117    204 - -
          2.68618  4.42225  2.77519  2.73123  3.46354  2.40513  3.72494  3.29354  2.67741  2.69355  4.24690  2.90347  2.73739  3.18146  2.89801  2.37887  2.77519  2.98518  4.58477  3.61503
          0.00691  5.37387  6.09621  0.61958  0.77255  0.48576  0.95510
    135   2.72227  3.39925  3.63160  3.07087  2.98217  3.01016  4.17791  3.62605  2.57768  2.99895  3.56265  3.55623  3.39269  3.38774  2.55327  1.31198  3.30091  3.35563  5.59645  4.30956    205 - -
          2.68618  4.42225  2.77519  2.73123  3.46354  2.40513  3.72494  3.29354  2.67741  2.69355  4.24690  2.90347  2.73739  3.18146  2.89801  2.37887  2.77519  2.98518  4.58477  3.61503
          0.00691  5.37387  6.09621  0.61958  0.77255  0.48576  0.95510
    136   3.09331  3.43986  3.61531  3.20385  2.96592  2.27074  4.40987  2.88496  3.57729  1.29496  3.79265  3.25565  4.50791  3.84653  2.87041  3.39716  3.06047  2.55343  5.28132  4.07056    206 - -
          2.68618  4.42225  2.77519  2.73123  3.46354  2.40513  3.72494  3.29354  2.67741  2.69355  4.24690  2.90347  2.73739  3.18146  2.89801  2.37887  2.77519  2.98518  4.58477  3.61503
          0.00691  5.37387  6.09621  0.61958  0.77255  0.48576  0.95510
    137   2.80627  5.31732  3.42186  2.78444  4.57278  3.87505  3.72830  3.21245  2.01801  3.29706  3.89800  2.79666  2.51453  1.91864  3.33053  3.07457  2.64146  2.52582  3.85632  4.45842    207 - -
          2.68618  4.42225  2.77519  2.73123  3.46354  2.40513  3.72494  3.29354  2.67741  2.69355  4.24690  2.90347  2.73739  3.18146  2.89801  2.37887  2.77519  2.98518  4.58477  3.61503
          0.00691  5.37387  6.09621  0.61958  0.77255  0.48576  0.95510
    138   3.04779  5.55520  2.30919  1.93851  3.54355  3.82203  3.71580  3.88887  2.57528  3.45184  4.59622  2.98156  4.21548  2.38144  2.53335  2.31982  2.08590  3.94511  5.98869  4.57857    208 - -
          2.68618  4.42225  2.77519  2.73123  3.46354  2.40513  3.72494  3.29354  2.67741  2.69355  4.24690  2.90347  2.73739  3.18146  2.89801  2.37887  2.77519  2.98518  4.58477  3.61503
          0.00691  5.37387  6.09621  0.61958  0.77255  0.48576  0.95510
    139   2.62628  5.55691  2.75539  2.03571  4.90124  3.55906  3.25801  4.38670  2.74413  3.86188  4.59778  2.70422  2.39647  2.93380  2.64772  2.21394  2.39218  2.95705  5.99003  4.57949    209 - -
          2.68618  4.42225  2.77519  2.73123  3.46354  2.40513  3.72494  3.29354  2.67741  2.69355  4.24690  2.90347  2.73739  3.18146  2.89801  2.37887  2.77519  2.98518  4.58477  3.61503
          0.00691  5.37387  6.09621  0.61958  0.77255  0.48576  0.95510
    140   2.04414  4.96668  3.72525  2.87032  4.13319  3.51117  4.21983  2.77267  2.88164  1.76018  4.05982  3.24173  4.37315  3.18523  2.98556  2.76036  2.27284  2.80343  5.52371  3.22171    210 - -
          2.68618  4.42225  2.77519  2.73123  3.46354  2.40513  3.72494  3.29354  2.67741  2.69355  4.24690  2.90347  2.73739  3.18146  2.89801  2.37887  2.77519  2.98518  4.58477  3.61503
          0.00466  5.37161        *  0.61958  0.77255  0.00000        *
//
