HMMER3/b [3.0b2 | June 2009]
NAME  Transposase_28
ACC   PF04195.5
DESC  Putative gypsy type transposon
LENG  181
ALPH  amino
RF    no
CS    no
MAP   yes
DATE  Tue Sep  8 09:10:49 2009
NSEQ  2
EFFN  0.589844
CKSUM 1942231181
GA    20.10 20.10;
TC    20.20 20.10;
NC    20.00 19.90;
BM    hmmbuild HMM.ann SEED.ann
SM    hmmsearch -Z 9421015 -E 1000 HMM pfamseq
STATS LOCAL MSV      -10.3660  0.70661
STATS LOCAL VITERBI  -11.0939  0.70661
STATS LOCAL FORWARD   -4.9850  0.70661
HMM          A        C        D        E        F        G        H        I        K        L        M        N        P        Q        R        S        T        V        W        Y   
            m->m     m->i     m->d     i->m     i->i     d->m     d->d
  COMPO   2.55245  4.21472  3.12410  2.77545  2.89796  2.87119  3.64113  2.82848  2.83599  2.38006  3.55198  3.22193  2.97423  3.20674  2.96931  2.69266  2.96978  2.59280  4.28145  3.39234
          2.68618  4.42225  2.77519  2.73123  3.46354  2.40513  3.72494  3.29354  2.67741  2.69355  4.24690  2.90347  2.73739  3.18146  2.89801  2.37887  2.77519  2.98518  4.58477  3.61503
          0.02941  3.93692  4.65927  0.61958  0.77255  0.00000        *
      1   3.02034  4.55908  4.11873  3.71720  3.23664  3.88221  4.43743  2.41871  3.48170  1.82178  1.25971  3.98669  4.34331  3.85943  3.67943  3.37611  3.32698  2.43225  5.08597  3.85333      1 - -
          2.68618  4.42225  2.77519  2.73123  3.46354  2.40513  3.72494  3.29354  2.67741  2.69355  4.24690  2.90347  2.73739  3.18146  2.89801  2.37887  2.77519  2.98518  4.58477  3.61503
          0.02941  3.93692  4.65927  0.61958  0.77255  0.48576  0.95510
      2   0.92475  4.22462  3.52832  3.32265  4.11682  3.04742  4.33704  3.25200  3.34057  3.13063  4.15545  3.45588  3.79274  3.67585  3.58662  2.57440  2.85622  2.89526  5.53754  4.34497      2 - -
          2.68618  4.42225  2.77519  2.73123  3.46354  2.40513  3.72494  3.29354  2.67741  2.69355  4.24690  2.90347  2.73739  3.18146  2.89801  2.37887  2.77519  2.98518  4.58477  3.61503
          0.02941  3.93692  4.65927  0.61958  0.77255  0.48576  0.95510
      3   2.83045  5.05923  2.85215  1.79634  4.40583  3.43254  3.63460  3.82162  2.18353  3.34289  4.19394  2.96525  3.88573  2.78131  1.80711  2.81817  3.05649  3.48066  5.47107  4.18318      3 - -
          2.68618  4.42225  2.77519  2.73123  3.46354  2.40513  3.72494  3.29354  2.67741  2.69355  4.24690  2.90347  2.73739  3.18146  2.89801  2.37887  2.77519  2.98518  4.58477  3.61503
          0.02941  3.93692  4.65927  0.61958  0.77255  0.48576  0.95510
      4   2.76224  4.98528  2.44982  1.58829  4.46605  1.92509  3.79344  3.92275  2.69029  3.50906  4.36915  2.84878  3.82201  2.97706  3.15221  2.75466  3.07794  3.53071  5.66542  4.31334      4 - -
          2.68618  4.42225  2.77519  2.73123  3.46354  2.40513  3.72494  3.29354  2.67741  2.69355  4.24690  2.90347  2.73739  3.18146  2.89801  2.37887  2.77519  2.98518  4.58477  3.61503
          0.02941  3.93692  4.65927  0.61958  0.77255  0.48576  0.95510
      5   2.59623  4.63825  3.14551  2.68941  4.16289  3.30157  3.74191  3.60669  2.34030  3.20258  4.06143  3.09707  3.83203  2.92548  1.84866  1.86750  2.91078  3.24015  5.36750  4.09314      5 - -
          2.68618  4.42225  2.77519  2.73123  3.46354  2.40513  3.72494  3.29354  2.67741  2.69355  4.24690  2.90347  2.73739  3.18146  2.89801  2.37887  2.77519  2.98518  4.58477  3.61503
          0.02941  3.93692  4.65927  0.61958  0.77255  0.48576  0.95510
      6   1.84996  4.79086  2.62558  1.73490  4.24796  3.24596  3.77500  3.55572  2.62834  3.25154  4.13234  2.91085  3.81283  2.95922  3.06035  2.69057  2.96367  3.21704  5.52668  4.18746      6 - -
          2.68618  4.42225  2.77519  2.73123  3.46354  2.40513  3.72494  3.29354  2.67741  2.69355  4.24690  2.90347  2.73739  3.18146  2.89801  2.37887  2.77519  2.98518  4.58477  3.61503
          0.02941  3.93692  4.65927  0.61958  0.77255  0.48576  0.95510
      7   2.31476  4.29256  3.13106  2.85905  4.20355  3.00762  4.02821  3.65534  2.94024  3.32114  4.17081  3.15727  1.99129  3.27180  3.28880  1.62659  2.76006  3.17303  5.52936  4.26150      7 - -
          2.68618  4.42225  2.77519  2.73123  3.46354  2.40513  3.72494  3.29354  2.67741  2.69355  4.24690  2.90347  2.73739  3.18146  2.89801  2.37887  2.77519  2.98518  4.58477  3.61503
          0.02941  3.93692  4.65927  0.61958  0.77255  0.48576  0.95510
      8   3.23740  4.60706  4.56654  4.08052  1.77740  4.31181  4.23457  2.34741  3.93679  1.20595  3.01627  4.24138  4.58152  4.06984  4.07134  3.67487  3.47149  2.43188  4.51053  3.01760      8 - -
          2.68618  4.42225  2.77519  2.73123  3.46354  2.40513  3.72494  3.29354  2.67741  2.69355  4.24690  2.90347  2.73739  3.18146  2.89801  2.37887  2.77519  2.98518  4.58477  3.61503
          0.02941  3.93692  4.65927  0.61958  0.77255  0.48576  0.95510
      9   2.92080  5.46845  1.52385  1.49914  4.75437  3.20002  3.74323  4.26517  2.75643  3.77806  4.63560  2.66820  3.82033  2.91138  3.34504  2.80781  3.20939  3.84650  5.93191  4.43734      9 - -
          2.68618  4.42225  2.77519  2.73123  3.46354  2.40513  3.72494  3.29354  2.67741  2.69355  4.24690  2.90347  2.73739  3.18146  2.89801  2.37887  2.77519  2.98518  4.58477  3.61503
          0.02941  3.93692  4.65927  0.61958  0.77255  0.48576  0.95510
     10   2.24552  4.21412  3.16137  2.95411  4.32623  1.72747  4.13918  3.79550  3.11258  3.46362  4.29224  3.19037  3.66984  3.39985  3.44683  1.54363  2.72931  3.23151  5.64449  4.40226     10 - -
          2.68618  4.42225  2.77519  2.73123  3.46354  2.40513  3.72494  3.29354  2.67741  2.69355  4.24690  2.90347  2.73739  3.18146  2.89801  2.37887  2.77519  2.98518  4.58477  3.61503
          0.02941  3.93692  4.65927  0.61958  0.77255  0.48576  0.95510
     11   2.60488  4.71887  2.81004  2.50464  4.17811  3.25107  3.74625  3.66493  2.49109  3.25563  4.11436  2.97237  3.80571  1.98637  2.85763  1.86898  2.92289  3.29125  5.43294  4.09766     11 - -
          2.68618  4.42225  2.77519  2.73123  3.46354  2.40513  3.72494  3.29354  2.67741  2.69355  4.24690  2.90347  2.73739  3.18146  2.89801  2.37887  2.77519  2.98518  4.58477  3.61503
          0.02941  3.93692  4.65927  0.61958  0.77255  0.48576  0.95510
     12   2.79230  4.31124  4.04730  3.53090  2.86807  3.77874  3.96383  2.49456  3.32957  2.16503  3.30794  3.74047  4.18731  3.63385  3.53458  3.12718  3.05546  1.71300  2.32997  3.05450     12 - -
          2.68618  4.42225  2.77519  2.73123  3.46354  2.40513  3.72494  3.29354  2.67741  2.69355  4.24690  2.90347  2.73739  3.18146  2.89801  2.37887  2.77519  2.98518  4.58477  3.61503
          0.02941  3.93692  4.65927  0.61958  0.77255  0.48576  0.95510
     13   1.82345  4.32911  3.73615  3.30371  3.48749  3.52796  4.18841  2.46292  3.18159  1.63047  3.43405  3.58738  4.06198  3.53800  3.45708  2.92003  2.97455  2.31804  5.15024  3.90687     13 - -
          2.68618  4.42225  2.77519  2.73123  3.46354  2.40513  3.72494  3.29354  2.67741  2.69355  4.24690  2.90347  2.73739  3.18146  2.89801  2.37887  2.77519  2.98518  4.58477  3.61503
          0.02941  3.93692  4.65927  0.61958  0.77255  0.48576  0.95510
     14   2.83792  4.58454  3.45206  3.30040  4.29003  3.26841  4.37256  3.85200  3.36320  3.47186  4.52448  3.60061  0.71608  3.75003  3.60144  3.00743  3.28456  3.49002  5.45893  4.41158     14 - -
          2.68618  4.42225  2.77519  2.73123  3.46354  2.40513  3.72494  3.29354  2.67741  2.69355  4.24690  2.90347  2.73739  3.18146  2.89801  2.37887  2.77519  2.98518  4.58477  3.61503
          0.02941  3.93692  4.65927  0.61958  0.77255  0.48576  0.95510
     15   2.31476  4.29256  3.13106  2.85905  4.20355  3.00762  4.02821  3.65534  2.94024  3.32114  4.17081  3.15727  1.99129  3.27180  3.28880  1.62659  2.76006  3.17303  5.52936  4.26150     15 - -
          2.68618  4.42225  2.77519  2.73123  3.46354  2.40513  3.72494  3.29354  2.67741  2.69355  4.24690  2.90347  2.73739  3.18146  2.89801  2.37887  2.77519  2.98518  4.58477  3.61503
          0.02941  3.93692  4.65927  0.61958  0.77255  0.48576  0.95510
     16   2.67607  4.93783  1.68948  2.26677  4.44895  3.16541  3.78084  3.93922  2.74037  3.52954  4.37272  2.79990  3.78089  2.96055  3.25607  1.81356  3.01132  3.51478  5.70104  4.28644     16 - -
          2.68618  4.42225  2.77519  2.73123  3.46354  2.40513  3.72494  3.29354  2.67741  2.69355  4.24690  2.90347  2.73739  3.18146  2.89801  2.37887  2.77519  2.98518  4.58477  3.61503
          0.02941  3.93692  4.65927  0.61958  0.77255  0.48576  0.95510
     17   2.68418  4.50243  3.48563  2.93974  3.72457  3.51573  3.84554  2.85969  2.51219  2.65826  3.67289  3.31509  3.97263  3.09354  1.95133  2.86215  2.95729  1.89636  5.14501  3.89107     17 - -
          2.68618  4.42225  2.77519  2.73123  3.46354  2.40513  3.72494  3.29354  2.67741  2.69355  4.24690  2.90347  2.73739  3.18146  2.89801  2.37887  2.77519  2.98518  4.58477  3.61503
          0.02941  3.93692  4.65927  0.61958  0.77255  0.48576  0.95510
     18   2.69846  4.29732  3.91678  3.44605  3.52827  3.68754  4.29755  1.62098  3.32048  2.27462  3.43189  3.72548  4.17495  3.66384  3.59095  3.05865  2.02126  2.00988  5.20620  3.97889     18 - -
          2.68618  4.42225  2.77519  2.73123  3.46354  2.40513  3.72494  3.29354  2.67741  2.69355  4.24690  2.90347  2.73739  3.18146  2.89801  2.37887  2.77519  2.98518  4.58477  3.61503
          0.02941  3.93692  4.65927  0.61958  0.77255  0.48576  0.95510
     19   2.68866  4.61086  2.98396  1.91709  3.85659  3.44486  3.85035  2.84523  2.69952  2.77603  3.77333  3.12433  3.93190  3.07294  3.08457  2.81850  2.96375  1.90277  5.29405  3.99465     19 - -
          2.68618  4.42225  2.77519  2.73123  3.46354  2.40513  3.72494  3.29354  2.67741  2.69355  4.24690  2.90347  2.73739  3.18146  2.89801  2.37887  2.77519  2.98518  4.58477  3.61503
          0.02941  3.93692  4.65927  0.61958  0.77255  0.48576  0.95510
     20   2.68234  4.90467  2.51466  1.69278  4.35131  3.22700  3.74342  3.79063  2.59930  3.39273  4.24185  2.84713  3.80057  2.91875  3.04768  1.86752  2.99097  3.40910  5.58912  4.21648     20 - -
          2.68618  4.42225  2.77519  2.73123  3.46354  2.40513  3.72494  3.29354  2.67741  2.69355  4.24690  2.90347  2.73739  3.18146  2.89801  2.37887  2.77519  2.98518  4.58477  3.61503
          0.02941  3.93692  4.65927  0.61958  0.77255  0.48576  0.95510
     21   2.83747  5.22563  2.31129  1.59409  4.54237  3.24386  3.71826  4.03537  2.59623  3.57992  4.43118  1.86666  3.82478  2.88555  3.07561  2.77493  3.11909  3.64600  5.72908  4.30294     21 - -
          2.68618  4.42225  2.77519  2.73123  3.46354  2.40513  3.72494  3.29354  2.67741  2.69355  4.24690  2.90347  2.73739  3.18146  2.89801  2.37887  2.77519  2.98518  4.58477  3.61503
          0.02941  3.93692  4.65927  0.61958  0.77255  0.48576  0.95510
     22   2.82891  4.64008  3.54242  2.96023  3.62420  3.63364  3.80036  2.98446  2.38875  1.80605  3.62171  3.34500  4.03690  3.04820  1.85415  2.98384  3.06155  2.83364  5.07481  3.80287     22 - -
          2.68618  4.42225  2.77519  2.73123  3.46354  2.40513  3.72494  3.29354  2.67741  2.69355  4.24690  2.90347  2.73739  3.18146  2.89801  2.37887  2.77519  2.98518  4.58477  3.61503
          0.02941  3.93692  4.65927  0.61958  0.77255  0.48576  0.95510
     23   2.89734  5.09915  2.98947  2.54924  4.45779  3.49643  3.61297  3.87012  1.56262  3.35521  4.21753  3.02087  3.92661  1.92768  2.32037  2.88384  3.10482  3.53750  5.45561  4.19792     23 - -
          2.68618  4.42225  2.77519  2.73123  3.46354  2.40513  3.72494  3.29354  2.67741  2.69355  4.24690  2.90347  2.73739  3.18146  2.89801  2.37887  2.77519  2.98518  4.58477  3.61503
          0.02941  3.93692  4.65927  0.61958  0.77255  0.48576  0.95510
     24   1.84996  4.79086  2.62558  1.73490  4.24796  3.24596  3.77500  3.55572  2.62834  3.25154  4.13234  2.91085  3.81283  2.95922  3.06035  2.69057  2.96367  3.21704  5.52668  4.18746     24 - -
          2.68618  4.42225  2.77519  2.73123  3.46354  2.40513  3.72494  3.29354  2.67741  2.69355  4.24690  2.90347  2.73739  3.18146  2.89801  2.37887  2.77519  2.98518  4.58477  3.61503
          0.02941  3.93692  4.65927  0.61958  0.77255  0.48576  0.95510
     25   2.51335  4.31461  3.42292  3.00460  3.62863  2.05909  3.97422  2.91662  2.92525  2.61445  2.13892  3.33230  3.88402  3.29016  3.23587  2.71806  2.85565  2.68350  5.11236  3.86025     25 - -
          2.68618  4.42225  2.77519  2.73123  3.46354  2.40513  3.72494  3.29354  2.67741  2.69355  4.24690  2.90347  2.73739  3.18146  2.89801  2.37887  2.77519  2.98518  4.58477  3.61503
          0.02941  3.93692  4.65927  0.61958  0.77255  0.48576  0.95510
     26   3.03384  4.44841  4.46713  3.96642  3.28669  4.19746  4.66056  1.96632  3.80417  1.36697  3.15303  4.22533  4.54218  4.08365  4.00987  3.57264  3.30185  1.42947  5.22171  4.01474     26 - -
          2.68618  4.42225  2.77519  2.73123  3.46354  2.40513  3.72494  3.29354  2.67741  2.69355  4.24690  2.90347  2.73739  3.18146  2.89801  2.37887  2.77519  2.98518  4.58477  3.61503
          0.02941  3.93692  4.65927  0.61958  0.77255  0.48576  0.95510
     27   1.53517  4.23417  3.28528  2.99153  4.14417  3.01470  4.09757  3.45352  3.03332  3.19614  4.08975  3.24007  1.96591  3.36127  3.35894  2.47017  2.75196  3.02659  5.50626  4.27620     27 - -
          2.68618  4.42225  2.77519  2.73123  3.46354  2.40513  3.72494  3.29354  2.67741  2.69355  4.24690  2.90347  2.73739  3.18146  2.89801  2.37887  2.77519  2.98518  4.58477  3.61503
          0.02941  3.93692  4.65927  0.61958  0.77255  0.48576  0.95510
     28   2.88035  4.95541  3.22434  2.68413  4.02011  3.54474  2.19769  3.70761  2.08393  3.21878  4.10084  3.11961  3.95350  2.80395  1.70618  2.90564  3.08932  3.40277  5.20520  3.87064     28 - -
          2.68618  4.42225  2.77519  2.73123  3.46354  2.40513  3.72494  3.29354  2.67741  2.69355  4.24690  2.90347  2.73739  3.18146  2.89801  2.37887  2.77519  2.98518  4.58477  3.61503
          0.02941  3.93692  4.65927  0.61958  0.77255  0.48576  0.95510
     29   2.75385  5.05692  1.85405  2.32540  4.37778  3.32065  3.67113  3.85967  2.42446  3.40143  4.23566  2.86059  3.82470  2.82410  1.95617  2.73006  3.01211  3.48839  5.53697  4.17548     29 - -
          2.68618  4.42225  2.77519  2.73123  3.46354  2.40513  3.72494  3.29354  2.67741  2.69355  4.24690  2.90347  2.73739  3.18146  2.89801  2.37887  2.77519  2.98518  4.58477  3.61503
          0.02941  3.93692  4.65927  0.61958  0.77255  0.48576  0.95510
     30   2.95619  4.39176  4.36976  3.87812  1.94449  4.04306  4.27796  2.17337  3.76390  1.89405  3.18568  4.06036  4.41380  3.96612  3.94476  3.40314  3.22303  1.55160  4.71669  3.28672     30 - -
          2.68618  4.42225  2.77519  2.73123  3.46354  2.40513  3.72494  3.29354  2.67741  2.69355  4.24690  2.90347  2.73739  3.18146  2.89801  2.37887  2.77519  2.98518  4.58477  3.61503
          0.02941  3.93692  4.65927  0.61958  0.77255  0.48576  0.95510
     31   3.17919  4.59032  4.51889  3.97652  3.05432  4.32009  4.61257  2.19563  3.77818  1.13791  1.91901  4.27321  4.57244  4.01387  3.95743  3.66965  3.41264  2.29204  5.07118  3.93288     31 - -
          2.68618  4.42225  2.77519  2.73123  3.46354  2.40513  3.72494  3.29354  2.67741  2.69355  4.24690  2.90347  2.73739  3.18146  2.89801  2.37887  2.77519  2.98518  4.58477  3.61503
          0.02941  3.93692  4.65927  0.61958  0.77255  0.48576  0.95510
     32   2.83792  4.58454  3.45206  3.30040  4.29003  3.26841  4.37256  3.85200  3.36320  3.47186  4.52448  3.60061  0.71608  3.75003  3.60144  3.00743  3.28456  3.49002  5.45893  4.41158     32 - -
          2.68618  4.42225  2.77519  2.73123  3.46354  2.40513  3.72494  3.29354  2.67741  2.69355  4.24690  2.90347  2.73739  3.18146  2.89801  2.37887  2.77519  2.98518  4.58477  3.61503
          0.02941  3.93692  4.65927  0.61958  0.77255  0.48576  0.95510
     33   1.85316  4.79214  2.62453  1.73190  4.24889  3.24604  3.77470  3.55686  2.62802  3.25239  4.13312  2.91028  3.81286  2.95880  3.06022  2.69078  2.96407  3.21810  5.52730  4.18784     33 - -
          2.68618  4.42225  2.77519  2.73123  3.46354  2.40513  3.72494  3.29354  2.67741  2.69355  4.24690  2.90347  2.73739  3.18146  2.89801  2.37887  2.77519  2.98518  4.58477  3.61503
          0.02941  3.93692  4.65927  0.61958  0.77255  0.48576  0.95510
     34   2.64866  4.76095  2.92570  2.55199  4.25521  3.30952  3.71311  3.67378  1.72440  3.26622  4.11661  3.00869  3.83195  2.88348  2.66604  1.89735  2.94535  3.30763  5.43532  4.14106     34 - -
          2.68618  4.42225  2.77519  2.73123  3.46354  2.40513  3.72494  3.29354  2.67741  2.69355  4.24690  2.90347  2.73739  3.18146  2.89801  2.37887  2.77519  2.98518  4.58477  3.61503
          0.02941  3.93692  4.65927  0.61958  0.77255  0.48576  0.95510
     35   1.84996  4.79086  2.62558  1.73490  4.24796  3.24596  3.77500  3.55572  2.62834  3.25154  4.13234  2.91085  3.81283  2.95922  3.06035  2.69057  2.96367  3.21704  5.52668  4.18746     35 - -
          2.68618  4.42225  2.77519  2.73123  3.46354  2.40513  3.72494  3.29354  2.67741  2.69355  4.24690  2.90347  2.73739  3.18146  2.89801  2.37887  2.77519  2.98518  4.58477  3.61503
          0.02941  3.93692  4.65927  0.61958  0.77255  0.48576  0.95510
     36   2.69765  4.29729  3.91501  3.44428  3.52857  3.68612  4.29627  1.62420  3.31880  2.27548  3.43237  3.72391  4.17381  3.66226  3.58950  3.05718  2.01771  2.01136  5.20590  3.97850     36 - -
          2.68618  4.42225  2.77519  2.73123  3.46354  2.40513  3.72494  3.29354  2.67741  2.69355  4.24690  2.90347  2.73739  3.18146  2.89801  2.37887  2.77519  2.98518  4.58477  3.61503
          0.02941  3.93692  4.65927  0.61958  0.77255  0.48576  0.95510
     37   2.54527  4.28512  3.53336  3.14045  3.62199  2.05013  4.08458  1.79710  3.08576  2.58480  3.61821  3.44057  3.94973  3.43027  3.38231  2.79233  2.89314  2.42161  5.14677  3.89316     37 - -
          2.68618  4.42225  2.77519  2.73123  3.46354  2.40513  3.72494  3.29354  2.67741  2.69355  4.24690  2.90347  2.73739  3.18146  2.89801  2.37887  2.77519  2.98518  4.58477  3.61503
          0.02941  3.93692  4.65927  0.61958  0.77255  0.48576  0.95510
     38   2.65938  4.67698  3.13322  2.72492  4.25352  1.93180  3.79863  3.70428  2.40589  3.28847  4.15342  3.13638  3.85495  2.98897  1.73442  2.74240  2.98000  3.32951  5.41133  4.17963     38 - -
          2.68618  4.42225  2.77519  2.73123  3.46354  2.40513  3.72494  3.29354  2.67741  2.69355  4.24690  2.90347  2.73739  3.18146  2.89801  2.37887  2.77519  2.98518  4.58477  3.61503
          0.02941  3.93692  4.65927  0.61958  0.77255  0.48576  0.95510
     39   2.76450  4.67950  3.07430  1.84856  3.46186  3.49002  3.71680  3.26299  2.59796  2.86821  3.81083  3.14006  3.93566  3.02414  2.94586  2.85811  3.00777  3.01939  2.34612  3.47730     39 - -
          2.68618  4.42225  2.77519  2.73123  3.46354  2.40513  3.72494  3.29354  2.67741  2.69355  4.24690  2.90347  2.73739  3.18146  2.89801  2.37887  2.77519  2.98518  4.58477  3.61503
          0.02941  3.93692  4.65927  0.61958  0.77255  0.48576  0.95510
     40   2.68393  4.50129  3.48649  2.94083  3.72320  3.51598  3.84643  2.85726  2.51412  2.65680  3.67169  3.31596  3.97295  3.09485  1.95523  2.86243  2.95713  1.89253  5.14443  3.89053     40 - -
          2.68618  4.42225  2.77519  2.73123  3.46354  2.40513  3.72494  3.29354  2.67741  2.69355  4.24690  2.90347  2.73739  3.18146  2.89801  2.37887  2.77519  2.98518  4.58477  3.61503
          0.02941  3.93692  4.65927  0.61958  0.77255  0.48576  0.95510
     41   2.49567  4.28043  3.54101  3.14063  3.70438  3.31697  4.10618  2.70360  3.07360  2.62314  3.67222  3.42252  2.15048  3.42446  3.37627  2.72751  2.86836  1.70935  5.23163  3.98363     41 - -
          2.68618  4.42225  2.77519  2.73123  3.46354  2.40513  3.72494  3.29354  2.67741  2.69355  4.24690  2.90347  2.73739  3.18146  2.89801  2.37887  2.77519  2.98518  4.58477  3.61503
          0.02941  3.93692  4.65927  0.61958  0.77255  0.48576  0.95510
     42   0.92475  4.22462  3.52832  3.32265  4.11682  3.04742  4.33704  3.25200  3.34057  3.13063  4.15545  3.45588  3.79274  3.67585  3.58662  2.57440  2.85622  2.89526  5.53754  4.34497     42 - -
          2.68618  4.42225  2.77519  2.73123  3.46354  2.40513  3.72494  3.29354  2.67741  2.69355  4.24690  2.90347  2.73739  3.18146  2.89801  2.37887  2.77519  2.98518  4.58477  3.61503
          0.02941  3.93692  4.65927  0.61958  0.77255  0.48576  0.95510
     43   2.72030  2.23405  4.20863  3.70625  3.28539  3.70788  4.31939  2.27116  3.51409  1.51633  3.27857  3.87617  4.19361  3.81289  3.70689  3.10439  3.03447  2.15019  4.99366  3.74942     43 - -
          2.68618  4.42225  2.77519  2.73123  3.46354  2.40513  3.72494  3.29354  2.67741  2.69355  4.24690  2.90347  2.73739  3.18146  2.89801  2.37887  2.77519  2.98518  4.58477  3.61503
          0.02941  3.93692  4.65927  0.61958  0.77255  0.48576  0.95510
     44   2.74607  4.51511  3.43303  3.34063  4.48175  0.63624  4.45696  4.09704  3.53066  3.74309  4.71936  3.59730  3.90832  3.84972  3.75964  2.91983  3.23231  3.61292  5.55988  4.58582     44 - -
          2.68618  4.42225  2.77519  2.73123  3.46354  2.40513  3.72494  3.29354  2.67741  2.69355  4.24690  2.90347  2.73739  3.18146  2.89801  2.37887  2.77519  2.98518  4.58477  3.61503
          0.02941  3.93692  4.65927  0.61958  0.77255  0.48576  0.95510
     45   3.00807  5.13203  2.51537  0.93715  4.48638  3.31586  3.90830  3.95308  2.79695  3.55988  4.53111  2.97005  3.92351  3.12264  3.21243  2.98395  3.31281  3.63029  5.64582  4.36814     45 - -
          2.68618  4.42225  2.77519  2.73123  3.46354  2.40513  3.72494  3.29354  2.67741  2.69355  4.24690  2.90347  2.73739  3.18146  2.89801  2.37887  2.77519  2.98518  4.58477  3.61503
          0.02941  3.93692  4.65927  0.61958  0.77255  0.48576  0.95510
     46   1.44551  4.15919  3.32262  3.09404  4.27835  1.70377  4.20600  3.63078  3.20243  3.37423  4.22959  3.26854  3.67527  3.48797  3.50858  2.40319  2.71511  3.11441  5.62006  4.41568     46 - -
          2.68618  4.42225  2.77519  2.73123  3.46354  2.40513  3.72494  3.29354  2.67741  2.69355  4.24690  2.90347  2.73739  3.18146  2.89801  2.37887  2.77519  2.98518  4.58477  3.61503
          0.02941  3.93692  4.65927  0.61958  0.77255  0.48576  0.95510
     47   2.79429  4.52964  3.56169  3.03565  2.01582  3.63723  3.75439  2.96213  2.72348  2.50559  3.57547  3.39285  4.05047  3.20516  1.99300  2.97104  3.04192  2.79638  4.61288  3.12640     47 - -
          2.68618  4.42225  2.77519  2.73123  3.46354  2.40513  3.72494  3.29354  2.67741  2.69355  4.24690  2.90347  2.73739  3.18146  2.89801  2.37887  2.77519  2.98518  4.58477  3.61503
          0.02941  3.93692  4.65927  0.61958  0.77255  0.48576  0.95510
     48   2.83792  4.58454  3.45206  3.30040  4.29003  3.26841  4.37256  3.85200  3.36320  3.47186  4.52448  3.60061  0.71608  3.75003  3.60144  3.00743  3.28456  3.49002  5.45893  4.41158     48 - -
          2.68618  4.42225  2.77519  2.73123  3.46354  2.40513  3.72494  3.29354  2.67741  2.69355  4.24690  2.90347  2.73739  3.18146  2.89801  2.37887  2.77519  2.98518  4.58477  3.61503
          0.02941  3.93692  4.65927  0.61958  0.77255  0.48576  0.95510
     49   2.44778  4.29295  3.48567  3.24076  4.02613  3.13007  4.25312  3.16112  3.18501  3.02232  4.06879  3.43975  3.83893  3.57663  3.44054  2.64977  1.06720  2.84920  5.45827  4.24279     49 - -
          2.68618  4.42225  2.77519  2.73123  3.46354  2.40513  3.72494  3.29354  2.67741  2.69355  4.24690  2.90347  2.73739  3.18146  2.89801  2.37887  2.77519  2.98518  4.58477  3.61503
          0.02941  3.93692  4.65927  0.61958  0.77255  0.48576  0.95510
     50   2.83792  4.58454  3.45206  3.30040  4.29003  3.26841  4.37256  3.85200  3.36320  3.47186  4.52448  3.60061  0.71608  3.75003  3.60144  3.00743  3.28456  3.49002  5.45893  4.41158     50 - -
          2.68618  4.42225  2.77519  2.73123  3.46354  2.40513  3.72494  3.29354  2.67741  2.69355  4.24690  2.90347  2.73739  3.18146  2.89801  2.37887  2.77519  2.98518  4.58477  3.61503
          0.02941  3.93692  4.65927  0.61958  0.77255  0.48576  0.95510
     51   2.81409  5.16763  1.70807  2.22447  4.22003  3.27241  2.17006  3.95368  2.61653  3.48583  4.34025  2.78276  3.82729  2.88401  3.11487  2.76197  3.08582  3.58029  5.51065  4.03893     51 - -
          2.68618  4.42225  2.77519  2.73123  3.46354  2.40513  3.72494  3.29354  2.67741  2.69355  4.24690  2.90347  2.73739  3.18146  2.89801  2.37887  2.77519  2.98518  4.58477  3.61503
          0.02941  3.93692  4.65927  0.61958  0.77255  0.48576  0.95510
     52   2.86083  4.40226  3.92210  3.40901  2.75445  3.83832  3.87061  2.61072  3.23948  2.09918  2.12285  3.67346  4.20502  3.54151  3.47532  3.15358  3.10061  2.52495  4.41850  1.99028     52 - -
          2.68618  4.42225  2.77519  2.73123  3.46354  2.40513  3.72494  3.29354  2.67741  2.69355  4.24690  2.90347  2.73739  3.18146  2.89801  2.37887  2.77519  2.98518  4.58477  3.61503
          0.02941  3.93692  4.65927  0.61958  0.77255  0.48576  0.95510
     53   2.69132  4.73244  2.91618  2.58429  3.82486  3.34064  2.13125  3.57531  2.54256  3.15818  4.04778  3.04919  2.14978  2.98264  2.89936  2.75356  2.98450  3.24867  5.17609  3.77715     53 - -
          2.68618  4.42225  2.77519  2.73123  3.46354  2.40513  3.72494  3.29354  2.67741  2.69355  4.24690  2.90347  2.73739  3.18146  2.89801  2.37887  2.77519  2.98518  4.58477  3.61503
          0.26838  3.93692  1.53304  0.61958  0.77255  0.48576  0.95510
     54   2.48060  4.26265  3.11873  3.00189  4.12860  1.04112  4.12476  3.69411  3.15884  3.36844  4.34974  3.28529  3.64845  3.49817  3.40586  2.64930  2.94926  3.25615  5.26060  4.22762     54 - -
          2.68618  4.42225  2.77519  2.73123  3.46354  2.40513  3.72494  3.29354  2.67741  2.69355  4.24690  2.90347  2.73739  3.18146  2.89801  2.37887  2.77519  2.98518  4.58477  3.61503
          0.03720  3.70574  4.42809  0.61958  0.77255  0.38621  1.13827
     55   2.83045  5.05923  2.85215  1.79634  4.40583  3.43254  3.63460  3.82162  2.18353  3.34289  4.19394  2.96525  3.88573  2.78131  1.80711  2.81817  3.05649  3.48066  5.47107  4.18318     55 - -
          2.68618  4.42225  2.77519  2.73123  3.46354  2.40513  3.72494  3.29354  2.67741  2.69355  4.24690  2.90347  2.73739  3.18146  2.89801  2.37887  2.77519  2.98518  4.58477  3.61503
          0.02941  3.93692  4.65927  0.61958  0.77255  0.48576  0.95510
     56   2.37900  4.19375  3.56127  3.17491  3.76603  3.18878  4.12090  2.81634  3.11842  2.77844  3.75925  3.39548  3.83496  3.45068  3.41218  1.76419  2.78659  1.73864  5.26070  4.00322     56 - -
          2.68618  4.42225  2.77519  2.73123  3.46354  2.40513  3.72494  3.29354  2.67741  2.69355  4.24690  2.90347  2.73739  3.18146  2.89801  2.37887  2.77519  2.98518  4.58477  3.61503
          0.02941  3.93692  4.65927  0.61958  0.77255  0.48576  0.95510
     57   2.85896  4.38379  4.21436  3.87954  3.59741  3.79037  4.67018  2.04801  3.74829  2.27330  3.55284  4.05900  4.34733  4.10348  3.95457  3.29799  3.21896  0.94744  5.39271  4.12830     57 - -
          2.68618  4.42225  2.77519  2.73123  3.46354  2.40513  3.72494  3.29354  2.67741  2.69355  4.24690  2.90347  2.73739  3.18146  2.89801  2.37887  2.77519  2.98518  4.58477  3.61503
          0.02941  3.93692  4.65927  0.61958  0.77255  0.48576  0.95510
     58   2.95619  4.39176  4.36976  3.87812  1.94449  4.04306  4.27796  2.17337  3.76390  1.89405  3.18568  4.06036  4.41380  3.96612  3.94476  3.40314  3.22303  1.55160  4.71669  3.28672     58 - -
          2.68618  4.42225  2.77519  2.73123  3.46354  2.40513  3.72494  3.29354  2.67741  2.69355  4.24690  2.90347  2.73739  3.18146  2.89801  2.37887  2.77519  2.98518  4.58477  3.61503
          0.02941  3.93692  4.65927  0.61958  0.77255  0.48576  0.95510
     59   3.34070  4.72360  4.32703  4.05385  0.91190  4.01525  3.90641  2.85653  3.95927  2.21178  3.57722  4.09197  4.47245  4.10952  4.06308  3.60728  3.64190  2.85194  4.13654  2.49554     59 - -
          2.68618  4.42225  2.77519  2.73123  3.46354  2.40513  3.72494  3.29354  2.67741  2.69355  4.24690  2.90347  2.73739  3.18146  2.89801  2.37887  2.77519  2.98518  4.58477  3.61503
          0.02941  3.93692  4.65927  0.61958  0.77255  0.48576  0.95510
     60   2.53453  4.33065  3.44432  3.03251  3.53201  3.35614  3.97313  2.84276  2.92685  1.80489  3.61253  3.35284  3.91304  3.30874  3.22866  1.88694  2.87773  2.62653  5.06134  3.74721     60 - -
          2.68618  4.42225  2.77519  2.73123  3.46354  2.40513  3.72494  3.29354  2.67741  2.69355  4.24690  2.90347  2.73739  3.18146  2.89801  2.37887  2.77519  2.98518  4.58477  3.61503
          0.02941  3.93692  4.65927  0.61958  0.77255  0.48576  0.95510
     61   2.60505  4.65141  2.90491  2.57941  3.79163  3.28216  2.22209  3.55569  2.56370  3.15639  4.03061  3.02819  3.82788  2.98436  2.92712  1.87298  2.92135  3.20687  5.16991  3.74686     61 - -
          2.68618  4.42225  2.77519  2.73123  3.46354  2.40513  3.72494  3.29354  2.67741  2.69355  4.24690  2.90347  2.73739  3.18146  2.89801  2.37887  2.77519  2.98518  4.58477  3.61503
          0.02941  3.93692  4.65927  0.61958  0.77255  0.48576  0.95510
     62   3.34070  4.72360  4.32703  4.05385  0.91190  4.01525  3.90641  2.85653  3.95927  2.21178  3.57722  4.09197  4.47245  4.10952  4.06308  3.60728  3.64190  2.85194  4.13654  2.49554     62 - -
          2.68618  4.42225  2.77519  2.73123  3.46354  2.40513  3.72494  3.29354  2.67741  2.69355  4.24690  2.90347  2.73739  3.18146  2.89801  2.37887  2.77519  2.98518  4.58477  3.61503
          0.02941  3.93692  4.65927  0.61958  0.77255  0.48576  0.95510
     63   1.80741  4.28035  3.77025  3.33722  2.01218  3.50303  4.03322  2.61708  3.27995  2.31968  3.44251  3.57432  4.03305  3.55560  3.54446  2.88609  2.94631  2.45362  4.76595  3.35185     63 - -
          2.68618  4.42225  2.77519  2.73123  3.46354  2.40513  3.72494  3.29354  2.67741  2.69355  4.24690  2.90347  2.73739  3.18146  2.89801  2.37887  2.77519  2.98518  4.58477  3.61503
          0.02941  3.93692  4.65927  0.61958  0.77255  0.48576  0.95510
     64   2.86053  4.40197  3.92214  3.40896  2.75567  3.83823  3.87140  2.61000  3.23942  2.09826  2.11924  3.67357  4.20491  3.54150  3.47527  3.15349  3.10031  2.52438  4.41982  1.99451     64 - -
          2.68618  4.42225  2.77519  2.73123  3.46354  2.40513  3.72494  3.29354  2.67741  2.69355  4.24690  2.90347  2.73739  3.18146  2.89801  2.37887  2.77519  2.98518  4.58477  3.61503
          0.02941  3.93692  4.65927  0.61958  0.77255  0.48576  0.95510
     65   1.79425  4.81743  1.73732  2.34630  4.35963  3.17666  3.81151  3.71284  2.76165  3.39912  4.26775  2.86140  3.78732  2.99771  3.25598  2.66317  2.97686  3.33116  5.64076  4.26567     65 - -
          2.68618  4.42225  2.77519  2.73123  3.46354  2.40513  3.72494  3.29354  2.67741  2.69355  4.24690  2.90347  2.73739  3.18146  2.89801  2.37887  2.77519  2.98518  4.58477  3.61503
          0.02941  3.93692  4.65927  0.61958  0.77255  0.48576  0.95510
     66   2.74607  4.51511  3.43303  3.34063  4.48175  0.63624  4.45696  4.09704  3.53066  3.74309  4.71936  3.59730  3.90832  3.84972  3.75964  2.91983  3.23231  3.61292  5.55988  4.58582     66 - -
          2.68618  4.42225  2.77519  2.73123  3.46354  2.40513  3.72494  3.29354  2.67741  2.69355  4.24690  2.90347  2.73739  3.18146  2.89801  2.37887  2.77519  2.98518  4.58477  3.61503
          0.02941  3.93692  4.65927  0.61958  0.77255  0.48576  0.95510
     67   3.23740  4.60706  4.56654  4.08052  1.77740  4.31181  4.23457  2.34741  3.93679  1.20595  3.01627  4.24138  4.58152  4.06984  4.07134  3.67487  3.47149  2.43188  4.51053  3.01760     67 - -
          2.68618  4.42225  2.77519  2.73123  3.46354  2.40513  3.72494  3.29354  2.67741  2.69355  4.24690  2.90347  2.73739  3.18146  2.89801  2.37887  2.77519  2.98518  4.58477  3.61503
          0.02941  3.93692  4.65927  0.61958  0.77255  0.48576  0.95510
     68   2.37955  4.19366  3.56233  3.17591  3.76507  3.18968  4.12139  2.81394  3.11926  2.77707  3.75824  3.39636  3.83564  3.45149  3.41282  1.76777  2.78697  1.73499  5.26018  4.00276     68 - -
          2.68618  4.42225  2.77519  2.73123  3.46354  2.40513  3.72494  3.29354  2.67741  2.69355  4.24690  2.90347  2.73739  3.18146  2.89801  2.37887  2.77519  2.98518  4.58477  3.61503
          0.02941  3.93692  4.65927  0.61958  0.77255  0.48576  0.95510
     69   2.67858  4.43602  3.49378  3.07480  3.49476  3.49299  4.02107  2.77216  2.95156  1.65578  3.51787  3.43050  2.15505  3.34634  3.24992  2.89388  2.99213  2.62583  5.07678  3.79864     69 - -
          2.68618  4.42225  2.77519  2.73123  3.46354  2.40513  3.72494  3.29354  2.67741  2.69355  4.24690  2.90347  2.73739  3.18146  2.89801  2.37887  2.77519  2.98518  4.58477  3.61503
          0.02941  3.93692  4.65927  0.61958  0.77255  0.48576  0.95510
     70   2.83792  4.58454  3.45206  3.30040  4.29003  3.26841  4.37256  3.85200  3.36320  3.47186  4.52448  3.60061  0.71608  3.75003  3.60144  3.00743  3.28456  3.49002  5.45893  4.41158     70 - -
          2.68618  4.42225  2.77519  2.73123  3.46354  2.40513  3.72494  3.29354  2.67741  2.69355  4.24690  2.90347  2.73739  3.18146  2.89801  2.37887  2.77519  2.98518  4.58477  3.61503
          0.02941  3.93692  4.65927  0.61958  0.77255  0.48576  0.95510
     71   2.64694  4.29937  3.76457  3.30996  2.02953  3.55524  4.00371  2.59869  3.23069  2.28374  3.40823  3.57013  4.05389  3.52088  3.49836  2.92214  1.97985  2.44496  4.73727  3.32397     71 - -
          2.68618  4.42225  2.77519  2.73123  3.46354  2.40513  3.72494  3.29354  2.67741  2.69355  4.24690  2.90347  2.73739  3.18146  2.89801  2.37887  2.77519  2.98518  4.58477  3.61503
          0.02941  3.93692  4.65927  0.61958  0.77255  0.48576  0.95510
     72   2.53393  4.33076  3.44320  3.03148  3.53327  3.35518  3.97274  2.84445  2.92608  1.80851  3.61388  3.35194  3.91237  3.30799  3.22811  1.88336  2.87732  2.62775  5.06208  3.74784     72 - -
          2.68618  4.42225  2.77519  2.73123  3.46354  2.40513  3.72494  3.29354  2.67741  2.69355  4.24690  2.90347  2.73739  3.18146  2.89801  2.37887  2.77519  2.98518  4.58477  3.61503
          0.02941  3.93692  4.65927  0.61958  0.77255  0.48576  0.95510
     73   2.64866  4.76095  2.92570  2.55199  4.25521  3.30952  3.71311  3.67378  1.72440  3.26622  4.11661  3.00869  3.83195  2.88348  2.66604  1.89735  2.94535  3.30763  5.43532  4.14106     73 - -
          2.68618  4.42225  2.77519  2.73123  3.46354  2.40513  3.72494  3.29354  2.67741  2.69355  4.24690  2.90347  2.73739  3.18146  2.89801  2.37887  2.77519  2.98518  4.58477  3.61503
          0.02941  3.93692  4.65927  0.61958  0.77255  0.48576  0.95510
     74   3.34070  4.72360  4.32703  4.05385  0.91190  4.01525  3.90641  2.85653  3.95927  2.21178  3.57722  4.09197  4.47245  4.10952  4.06308  3.60728  3.64190  2.85194  4.13654  2.49554     74 - -
          2.68618  4.42225  2.77519  2.73123  3.46354  2.40513  3.72494  3.29354  2.67741  2.69355  4.24690  2.90347  2.73739  3.18146  2.89801  2.37887  2.77519  2.98518  4.58477  3.61503
          0.02941  3.93692  4.65927  0.61958  0.77255  0.48576  0.95510
     75   3.34070  4.72360  4.32703  4.05385  0.91190  4.01525  3.90641  2.85653  3.95927  2.21178  3.57722  4.09197  4.47245  4.10952  4.06308  3.60728  3.64190  2.85194  4.13654  2.49554     75 - -
          2.68618  4.42225  2.77519  2.73123  3.46354  2.40513  3.72494  3.29354  2.67741  2.69355  4.24690  2.90347  2.73739  3.18146  2.89801  2.37887  2.77519  2.98518  4.58477  3.61503
          0.02941  3.93692  4.65927  0.61958  0.77255  0.48576  0.95510
     76   2.74870  4.57299  3.48770  2.90160  3.64083  3.58827  3.78507  2.96987  2.42239  2.52038  2.27625  3.29786  3.99103  3.02679  1.94689  2.90709  2.98520  2.80072  5.07796  3.83227     76 - -
          2.68618  4.42225  2.77519  2.73123  3.46354  2.40513  3.72494  3.29354  2.67741  2.69355  4.24690  2.90347  2.73739  3.18146  2.89801  2.37887  2.77519  2.98518  4.58477  3.61503
          0.02941  3.93692  4.65927  0.61958  0.77255  0.48576  0.95510
     77   2.77360  5.03048  1.54990  2.26635  4.57866  1.84693  3.83823  4.09019  2.84635  3.66040  4.51951  2.81078  3.80983  3.02845  3.37980  2.75305  3.11510  3.65436  5.77955  4.39737     77 - -
          2.68618  4.42225  2.77519  2.73123  3.46354  2.40513  3.72494  3.29354  2.67741  2.69355  4.24690  2.90347  2.73739  3.18146  2.89801  2.37887  2.77519  2.98518  4.58477  3.61503
          0.02941  3.93692  4.65927  0.61958  0.77255  0.48576  0.95510
     78   3.08131  4.48227  4.42689  4.04520  3.41786  4.13578  4.76145  1.00154  3.87457  1.99085  3.34332  4.28151  4.56089  4.21629  4.06378  3.63738  3.37937  1.84898  5.32194  4.06572     78 - -
          2.68618  4.42225  2.77519  2.73123  3.46354  2.40513  3.72494  3.29354  2.67741  2.69355  4.24690  2.90347  2.73739  3.18146  2.89801  2.37887  2.77519  2.98518  4.58477  3.61503
          0.02941  3.93692  4.65927  0.61958  0.77255  0.48576  0.95510
     79   3.22769  4.67089  4.29289  3.93309  3.16063  4.06387  4.56860  2.36827  3.70020  0.79977  3.16357  4.20231  4.48819  4.05312  3.86571  3.64233  3.51903  2.42232  5.06324  3.80142     79 - -
          2.68618  4.42225  2.77519  2.73123  3.46354  2.40513  3.72494  3.29354  2.67741  2.69355  4.24690  2.90347  2.73739  3.18146  2.89801  2.37887  2.77519  2.98518  4.58477  3.61503
          0.02941  3.93692  4.65927  0.61958  0.77255  0.48576  0.95510
     80   3.00807  5.13203  2.51537  0.93715  4.48638  3.31586  3.90830  3.95308  2.79695  3.55988  4.53111  2.97005  3.92351  3.12264  3.21243  2.98395  3.31281  3.63029  5.64582  4.36814     80 - -
          2.68618  4.42225  2.77519  2.73123  3.46354  2.40513  3.72494  3.29354  2.67741  2.69355  4.24690  2.90347  2.73739  3.18146  2.89801  2.37887  2.77519  2.98518  4.58477  3.61503
          0.02941  3.93692  4.65927  0.61958  0.77255  0.48576  0.95510
     81   3.34070  4.72360  4.32703  4.05385  0.91190  4.01525  3.90641  2.85653  3.95927  2.21178  3.57722  4.09197  4.47245  4.10952  4.06308  3.60728  3.64190  2.85194  4.13654  2.49554     81 - -
          2.68618  4.42225  2.77519  2.73123  3.46354  2.40513  3.72494  3.29354  2.67741  2.69355  4.24690  2.90347  2.73739  3.18146  2.89801  2.37887  2.77519  2.98518  4.58477  3.61503
          0.02941  3.93692  4.65927  0.61958  0.77255  0.48576  0.95510
     82   3.34064  4.80351  3.93351  3.67504  2.29657  3.90531  3.64942  3.34089  3.53071  2.77819  4.00925  3.80311  4.37768  3.82127  3.70119  3.47091  3.62764  3.21450  3.94279  0.86502     82 - -
          2.68618  4.42225  2.77519  2.73123  3.46354  2.40513  3.72494  3.29354  2.67741  2.69355  4.24690  2.90347  2.73739  3.18146  2.89801  2.37887  2.77519  2.98518  4.58477  3.61503
          0.02941  3.93692  4.65927  0.61958  0.77255  0.48576  0.95510
     83   2.77360  5.03048  1.54990  2.26635  4.57866  1.84693  3.83823  4.09019  2.84635  3.66040  4.51951  2.81078  3.80983  3.02845  3.37980  2.75305  3.11510  3.65436  5.77955  4.39737     83 - -
          2.68618  4.42225  2.77519  2.73123  3.46354  2.40513  3.72494  3.29354  2.67741  2.69355  4.24690  2.90347  2.73739  3.18146  2.89801  2.37887  2.77519  2.98518  4.58477  3.61503
          0.02941  3.93692  4.65927  0.61958  0.77255  0.48576  0.95510
     84   3.17957  4.52419  4.68432  4.16293  3.19297  4.42811  4.79175  1.45743  3.99166  1.24690  3.03053  4.42843  4.67931  4.22025  4.16346  3.79821  3.42222  1.93081  5.21565  4.04555     84 - -
          2.68618  4.42225  2.77519  2.73123  3.46354  2.40513  3.72494  3.29354  2.67741  2.69355  4.24690  2.90347  2.73739  3.18146  2.89801  2.37887  2.77519  2.98518  4.58477  3.61503
          0.02941  3.93692  4.65927  0.61958  0.77255  0.48576  0.95510
     85   2.60528  4.71950  2.80983  2.50440  4.17835  3.25134  3.74601  3.66521  2.49056  3.25579  4.11452  2.97224  3.80583  1.98308  2.85705  1.87209  2.92313  3.29160  5.43299  4.09766     85 - -
          2.68618  4.42225  2.77519  2.73123  3.46354  2.40513  3.72494  3.29354  2.67741  2.69355  4.24690  2.90347  2.73739  3.18146  2.89801  2.37887  2.77519  2.98518  4.58477  3.61503
          0.02941  3.93692  4.65927  0.61958  0.77255  0.48576  0.95510
     86   3.17919  4.59032  4.51889  3.97652  3.05432  4.32009  4.61257  2.19563  3.77818  1.13791  1.91901  4.27321  4.57244  4.01387  3.95743  3.66965  3.41264  2.29204  5.07118  3.93288     86 - -
          2.68618  4.42225  2.77519  2.73123  3.46354  2.40513  3.72494  3.29354  2.67741  2.69355  4.24690  2.90347  2.73739  3.18146  2.89801  2.37887  2.77519  2.98518  4.58477  3.61503
          0.02941  3.93692  4.65927  0.61958  0.77255  0.48576  0.95510
     87   1.81934  4.55539  3.01407  2.66129  3.79283  3.28559  2.22523  3.38658  2.61331  3.03426  3.93101  3.08729  3.83252  3.03398  2.96426  2.67726  2.89437  3.06649  5.17601  3.80578     87 - -
          2.68618  4.42225  2.77519  2.73123  3.46354  2.40513  3.72494  3.29354  2.67741  2.69355  4.24690  2.90347  2.73739  3.18146  2.89801  2.37887  2.77519  2.98518  4.58477  3.61503
          0.02941  3.93692  4.65927  0.61958  0.77255  0.48576  0.95510
     88   3.06648  4.87242  3.18960  2.95610  3.33056  3.50257  1.01352  3.77936  2.79743  3.26521  4.31324  3.36280  4.05869  3.32319  3.05924  3.13660  3.37206  3.51325  4.79476  3.27962     88 - -
          2.68618  4.42225  2.77519  2.73123  3.46354  2.40513  3.72494  3.29354  2.67741  2.69355  4.24690  2.90347  2.73739  3.18146  2.89801  2.37887  2.77519  2.98518  4.58477  3.61503
          0.02941  3.93692  4.65927  0.61958  0.77255  0.48576  0.95510
     89   3.22769  4.67089  4.29289  3.93309  3.16063  4.06387  4.56860  2.36827  3.70020  0.79977  3.16357  4.20231  4.48819  4.05312  3.86571  3.64233  3.51903  2.42232  5.06324  3.80142     89 - -
          2.68618  4.42225  2.77519  2.73123  3.46354  2.40513  3.72494  3.29354  2.67741  2.69355  4.24690  2.90347  2.73739  3.18146  2.89801  2.37887  2.77519  2.98518  4.58477  3.61503
          0.02941  3.93692  4.65927  0.61958  0.77255  0.48576  0.95510
     90   2.48186  4.51407  2.88891  2.62009  4.14936  3.15077  3.86730  3.53095  2.71519  3.23150  4.09991  1.95496  3.77070  3.07998  3.09458  2.58505  1.88645  3.14377  5.46414  4.15043     90 - -
          2.68618  4.42225  2.77519  2.73123  3.46354  2.40513  3.72494  3.29354  2.67741  2.69355  4.24690  2.90347  2.73739  3.18146  2.89801  2.37887  2.77519  2.98518  4.58477  3.61503
          0.02941  3.93692  4.65927  0.61958  0.77255  0.48576  0.95510
     91   2.83792  4.58454  3.45206  3.30040  4.29003  3.26841  4.37256  3.85200  3.36320  3.47186  4.52448  3.60061  0.71608  3.75003  3.60144  3.00743  3.28456  3.49002  5.45893  4.41158     91 - -
          2.68618  4.42225  2.77519  2.73123  3.46354  2.40513  3.72494  3.29354  2.67741  2.69355  4.24690  2.90347  2.73739  3.18146  2.89801  2.37887  2.77519  2.98518  4.58477  3.61503
          0.02941  3.93692  4.65927  0.61958  0.77255  0.48576  0.95510
     92   2.77721  4.77578  2.74468  2.63668  4.14943  3.22746  3.97359  3.87374  2.88270  3.51332  4.46823  1.04886  3.88251  3.24651  3.23951  2.84197  3.16123  3.48943  5.44796  4.09317     92 - -
          2.68618  4.42225  2.77519  2.73123  3.46354  2.40513  3.72494  3.29354  2.67741  2.69355  4.24690  2.90347  2.73739  3.18146  2.89801  2.37887  2.77519  2.98518  4.58477  3.61503
          0.02941  3.93692  4.65927  0.61958  0.77255  0.48576  0.95510
     93   1.47381  4.13532  3.38437  3.10713  4.20875  2.92286  4.17688  3.55220  3.15469  3.30433  4.16018  3.26853  3.66772  3.45591  3.46004  1.56050  2.68503  3.05426  5.57478  4.34999     93 - -
          2.68618  4.42225  2.77519  2.73123  3.46354  2.40513  3.72494  3.29354  2.67741  2.69355  4.24690  2.90347  2.73739  3.18146  2.89801  2.37887  2.77519  2.98518  4.58477  3.61503
          0.02941  3.93692  4.65927  0.61958  0.77255  0.48576  0.95510
     94   3.04499  4.38662  4.67694  4.18176  3.50884  4.34555  4.91082  1.33310  4.06339  2.02046  3.32584  4.41402  4.67557  4.33725  4.27220  3.73023  3.31461  1.24318  5.46046  4.25249     94 - -
          2.68618  4.42225  2.77519  2.73123  3.46354  2.40513  3.72494  3.29354  2.67741  2.69355  4.24690  2.90347  2.73739  3.18146  2.89801  2.37887  2.77519  2.98518  4.58477  3.61503
          0.02941  3.93692  4.65927  0.61958  0.77255  0.48576  0.95510
     95   2.93772  4.39222  4.34050  3.81742  3.27919  4.06517  4.52294  2.04875  3.66630  1.82277  2.05348  4.08060  4.42736  3.94054  3.88158  3.41842  3.20437  1.50161  5.15108  3.97359     95 - -
          2.68618  4.42225  2.77519  2.73123  3.46354  2.40513  3.72494  3.29354  2.67741  2.69355  4.24690  2.90347  2.73739  3.18146  2.89801  2.37887  2.77519  2.98518  4.58477  3.61503
          0.02941  3.93692  4.65927  0.61958  0.77255  0.48576  0.95510
     96   2.71529  4.50198  3.38344  2.88622  3.25969  3.57070  2.34289  2.94237  2.66993  2.50524  2.28113  3.28706  3.98537  3.11842  2.97470  2.88351  2.96048  2.76265  4.78552  3.37678     96 - -
          2.68618  4.42225  2.77519  2.73123  3.46354  2.40513  3.72494  3.29354  2.67741  2.69355  4.24690  2.90347  2.73739  3.18146  2.89801  2.37887  2.77519  2.98518  4.58477  3.61503
          0.02941  3.93692  4.65927  0.61958  0.77255  0.48576  0.95510
     97   3.17957  4.52419  4.68432  4.16293  3.19297  4.42811  4.79175  1.45743  3.99166  1.24690  3.03053  4.42843  4.67931  4.22025  4.16346  3.79821  3.42222  1.93081  5.21565  4.04555     97 - -
          2.68618  4.42225  2.77519  2.73123  3.46354  2.40513  3.72494  3.29354  2.67741  2.69355  4.24690  2.90347  2.73739  3.18146  2.89801  2.37887  2.77519  2.98518  4.58477  3.61503
          0.02941  3.93692  4.65927  0.61958  0.77255  0.48576  0.95510
     98   0.92475  4.22462  3.52832  3.32265  4.11682  3.04742  4.33704  3.25200  3.34057  3.13063  4.15545  3.45588  3.79274  3.67585  3.58662  2.57440  2.85622  2.89526  5.53754  4.34497     98 - -
          2.68618  4.42225  2.77519  2.73123  3.46354  2.40513  3.72494  3.29354  2.67741  2.69355  4.24690  2.90347  2.73739  3.18146  2.89801  2.37887  2.77519  2.98518  4.58477  3.61503
          0.02941  3.93692  4.65927  0.61958  0.77255  0.48576  0.95510
     99   2.64820  4.45112  3.25204  2.86240  3.59432  3.47701  3.90574  1.93322  2.81597  2.63039  3.64471  2.15888  3.96589  3.20161  3.15468  2.84019  2.93740  2.49858  5.09655  3.77114     99 - -
          2.68618  4.42225  2.77519  2.73123  3.46354  2.40513  3.72494  3.29354  2.67741  2.69355  4.24690  2.90347  2.73739  3.18146  2.89801  2.37887  2.77519  2.98518  4.58477  3.61503
          0.02941  3.93692  4.65927  0.61958  0.77255  0.48576  0.95510
    100   3.34070  4.72360  4.32703  4.05385  0.91190  4.01525  3.90641  2.85653  3.95927  2.21178  3.57722  4.09197  4.47245  4.10952  4.06308  3.60728  3.64190  2.85194  4.13654  2.49554    100 - -
          2.68618  4.42225  2.77519  2.73123  3.46354  2.40513  3.72494  3.29354  2.67741  2.69355  4.24690  2.90347  2.73739  3.18146  2.89801  2.37887  2.77519  2.98518  4.58477  3.61503
          0.02941  3.93692  4.65927  0.61958  0.77255  0.48576  0.95510
    101   1.85598  4.27989  3.92920  3.48037  3.56095  3.64005  4.33726  1.60736  3.38192  2.30543  3.46299  3.73559  4.15875  3.70751  3.65074  3.02631  2.99912  2.00537  5.24387  4.01715    101 - -
          2.68618  4.42225  2.77519  2.73123  3.46354  2.40513  3.72494  3.29354  2.67741  2.69355  4.24690  2.90347  2.73739  3.18146  2.89801  2.37887  2.77519  2.98518  4.58477  3.61503
          0.02941  3.93692  4.65927  0.61958  0.77255  0.48576  0.95510
    102   3.06648  4.87242  3.18960  2.95610  3.33056  3.50257  1.01352  3.77936  2.79743  3.26521  4.31324  3.36280  4.05869  3.32319  3.05924  3.13660  3.37206  3.51325  4.79476  3.27962    102 - -
          2.68618  4.42225  2.77519  2.73123  3.46354  2.40513  3.72494  3.29354  2.67741  2.69355  4.24690  2.90347  2.73739  3.18146  2.89801  2.37887  2.77519  2.98518  4.58477  3.61503
          0.02941  3.93692  4.65927  0.61958  0.77255  0.48576  0.95510
    103   2.67456  4.35462  3.73213  3.27408  3.45655  3.58212  4.15098  2.45469  3.11494  1.63162  3.40130  3.58084  4.08303  3.49446  3.39041  2.95800  1.99302  2.31930  5.11690  3.87314    103 - -
          2.68618  4.42225  2.77519  2.73123  3.46354  2.40513  3.72494  3.29354  2.67741  2.69355  4.24690  2.90347  2.73739  3.18146  2.89801  2.37887  2.77519  2.98518  4.58477  3.61503
          0.02941  3.93692  4.65927  0.61958  0.77255  0.48576  0.95510
    104   2.66047  0.81861  4.19454  3.94887  3.92544  3.26980  4.58178  3.08001  3.77615  2.99261  4.11601  3.91867  3.98184  4.11961  3.88911  2.93224  3.13264  2.82025  5.32798  4.21267    104 - -
          2.68618  4.42225  2.77519  2.73123  3.46354  2.40513  3.72494  3.29354  2.67741  2.69355  4.24690  2.90347  2.73739  3.18146  2.89801  2.37887  2.77519  2.98518  4.58477  3.61503
          0.02941  3.93692  4.65927  0.61958  0.77255  0.48576  0.95510
    105   3.00807  5.13203  2.51537  0.93715  4.48638  3.31586  3.90830  3.95308  2.79695  3.55988  4.53111  2.97005  3.92351  3.12264  3.21243  2.98395  3.31281  3.63029  5.64582  4.36814    105 - -
          2.68618  4.42225  2.77519  2.73123  3.46354  2.40513  3.72494  3.29354  2.67741  2.69355  4.24690  2.90347  2.73739  3.18146  2.89801  2.37887  2.77519  2.98518  4.58477  3.61503
          0.02941  3.93692  4.65927  0.61958  0.77255  0.48576  0.95510
    106   1.83843  4.28661  3.70541  3.23626  3.49128  3.48051  4.11834  2.53814  3.11900  2.27941  2.14926  3.52457  4.00607  3.46173  3.40391  2.85026  2.91033  2.37970  5.10951  3.89058    106 - -
          2.68618  4.42225  2.77519  2.73123  3.46354  2.40513  3.72494  3.29354  2.67741  2.69355  4.24690  2.90347  2.73739  3.18146  2.89801  2.37887  2.77519  2.98518  4.58477  3.61503
          0.02941  3.93692  4.65927  0.61958  0.77255  0.48576  0.95510
    107   3.34070  4.72360  4.32703  4.05385  0.91190  4.01525  3.90641  2.85653  3.95927  2.21178  3.57722  4.09197  4.47245  4.10952  4.06308  3.60728  3.64190  2.85194  4.13654  2.49554    107 - -
          2.68618  4.42225  2.77519  2.73123  3.46354  2.40513  3.72494  3.29354  2.67741  2.69355  4.24690  2.90347  2.73739  3.18146  2.89801  2.37887  2.77519  2.98518  4.58477  3.61503
          0.02941  3.93692  4.65927  0.61958  0.77255  0.48576  0.95510
    108   3.17925  4.52379  4.68435  4.16302  3.19366  4.42803  4.79198  1.45496  3.99179  1.24927  3.03127  4.42844  4.67938  4.22057  4.16367  3.79818  3.42195  1.92970  5.21613  4.04584    108 - -
          2.68618  4.42225  2.77519  2.73123  3.46354  2.40513  3.72494  3.29354  2.67741  2.69355  4.24690  2.90347  2.73739  3.18146  2.89801  2.37887  2.77519  2.98518  4.58477  3.61503
          0.02941  3.93692  4.65927  0.61958  0.77255  0.48576  0.95510
    109   2.74607  4.51511  3.43303  3.34063  4.48175  0.63624  4.45696  4.09704  3.53066  3.74309  4.71936  3.59730  3.90832  3.84972  3.75964  2.91983  3.23231  3.61292  5.55988  4.58582    109 - -
          2.68618  4.42225  2.77519  2.73123  3.46354  2.40513  3.72494  3.29354  2.67741  2.69355  4.24690  2.90347  2.73739  3.18146  2.89801  2.37887  2.77519  2.98518  4.58477  3.61503
          0.02941  3.93692  4.65927  0.61958  0.77255  0.48576  0.95510
    110   3.04499  4.38662  4.67694  4.18176  3.50884  4.34555  4.91082  1.33310  4.06339  2.02046  3.32584  4.41402  4.67557  4.33725  4.27220  3.73023  3.31461  1.24318  5.46046  4.25249    110 - -
          2.68618  4.42225  2.77519  2.73123  3.46354  2.40513  3.72494  3.29354  2.67741  2.69355  4.24690  2.90347  2.73739  3.18146  2.89801  2.37887  2.77519  2.98518  4.58477  3.61503
          0.02941  3.93692  4.65927  0.61958  0.77255  0.48576  0.95510
    111   3.07846  4.91304  3.57571  3.07340  4.28395  3.55406  3.87152  3.83014  2.26417  3.33436  4.33288  3.42821  4.05352  3.08866  0.88435  3.15953  3.34003  3.55131  5.34089  4.19733    111 - -
          2.68618  4.42225  2.77519  2.73123  3.46354  2.40513  3.72494  3.29354  2.67741  2.69355  4.24690  2.90347  2.73739  3.18146  2.89801  2.37887  2.77519  2.98518  4.58477  3.61503
          0.02941  3.93692  4.65927  0.61958  0.77255  0.48576  0.95510
    112   2.83792  4.58454  3.45206  3.30040  4.29003  3.26841  4.37256  3.85200  3.36320  3.47186  4.52448  3.60061  0.71608  3.75003  3.60144  3.00743  3.28456  3.49002  5.45893  4.41158    112 - -
          2.68618  4.42225  2.77519  2.73123  3.46354  2.40513  3.72494  3.29354  2.67741  2.69355  4.24690  2.90347  2.73739  3.18146  2.89801  2.37887  2.77519  2.98518  4.58477  3.61503
          0.02941  3.93692  4.65927  0.61958  0.77255  0.48576  0.95510
    113   2.60505  4.65141  2.90491  2.57941  3.79163  3.28216  2.22209  3.55569  2.56370  3.15639  4.03061  3.02819  3.82788  2.98436  2.92712  1.87298  2.92135  3.20687  5.16991  3.74686    113 - -
          2.68618  4.42225  2.77519  2.73123  3.46354  2.40513  3.72494  3.29354  2.67741  2.69355  4.24690  2.90347  2.73739  3.18146  2.89801  2.37887  2.77519  2.98518  4.58477  3.61503
          0.02941  3.93692  4.65927  0.61958  0.77255  0.48576  0.95510
    114   3.23740  4.60706  4.56654  4.08052  1.77740  4.31181  4.23457  2.34741  3.93679  1.20595  3.01627  4.24138  4.58152  4.06984  4.07134  3.67487  3.47149  2.43188  4.51053  3.01760    114 - -
          2.68618  4.42225  2.77519  2.73123  3.46354  2.40513  3.72494  3.29354  2.67741  2.69355  4.24690  2.90347  2.73739  3.18146  2.89801  2.37887  2.77519  2.98518  4.58477  3.61503
          0.02941  3.93692  4.65927  0.61958  0.77255  0.48576  0.95510
    115   2.79266  4.31177  4.04705  3.53079  2.86713  3.77870  3.96326  2.49559  3.32930  2.16533  3.30841  3.74031  4.18738  3.63371  3.53433  3.12725  3.05587  1.71581  2.32453  3.05307    115 - -
          2.68618  4.42225  2.77519  2.73123  3.46354  2.40513  3.72494  3.29354  2.67741  2.69355  4.24690  2.90347  2.73739  3.18146  2.89801  2.37887  2.77519  2.98518  4.58477  3.61503
          0.02941  3.93692  4.65927  0.61958  0.77255  0.48576  0.95510
    116   3.22769  4.67089  4.29289  3.93309  3.16063  4.06387  4.56860  2.36827  3.70020  0.79977  3.16357  4.20231  4.48819  4.05312  3.86571  3.64233  3.51903  2.42232  5.06324  3.80142    116 - -
          2.68618  4.42225  2.77519  2.73123  3.46354  2.40513  3.72494  3.29354  2.67741  2.69355  4.24690  2.90347  2.73739  3.18146  2.89801  2.37887  2.77519  2.98518  4.58477  3.61503
          0.02941  3.93692  4.65927  0.61958  0.77255  0.48576  0.95510
    117   3.34070  4.72360  4.32703  4.05385  0.91190  4.01525  3.90641  2.85653  3.95927  2.21178  3.57722  4.09197  4.47245  4.10952  4.06308  3.60728  3.64190  2.85194  4.13654  2.49554    117 - -
          2.68618  4.42225  2.77519  2.73123  3.46354  2.40513  3.72494  3.29354  2.67741  2.69355  4.24690  2.90347  2.73739  3.18146  2.89801  2.37887  2.77519  2.98518  4.58477  3.61503
          0.02941  3.93692  4.65927  0.61958  0.77255  0.48576  0.95510
    118   2.90387  5.03606  3.19729  2.65600  4.37873  3.54295  3.61169  3.80892  2.00587  3.29032  4.16648  3.09641  3.95034  1.91911  1.66860  2.91152  3.10571  3.49201  5.38835  4.15113    118 - -
          2.68618  4.42225  2.77519  2.73123  3.46354  2.40513  3.72494  3.29354  2.67741  2.69355  4.24690  2.90347  2.73739  3.18146  2.89801  2.37887  2.77519  2.98518  4.58477  3.61503
          0.02941  3.93692  4.65927  0.61958  0.77255  0.48576  0.95510
    119   2.86480  4.64368  3.58823  2.99381  3.26637  3.63516  3.69528  3.23659  2.41238  2.80113  3.77780  3.35205  4.03552  3.06270  1.79027  3.00041  3.08911  3.01823  2.25015  3.27503    119 - -
          2.68618  4.42225  2.77519  2.73123  3.46354  2.40513  3.72494  3.29354  2.67741  2.69355  4.24690  2.90347  2.73739  3.18146  2.89801  2.37887  2.77519  2.98518  4.58477  3.61503
          0.02941  3.93692  4.65927  0.61958  0.77255  0.48576  0.95510
    120   3.09127  4.46112  4.55974  4.05142  1.91465  4.24400  4.36565  1.56808  3.92382  1.72601  3.07438  4.22799  4.53802  4.08415  4.07111  3.59652  3.33342  2.11704  4.71965  3.30488    120 - -
          2.68618  4.42225  2.77519  2.73123  3.46354  2.40513  3.72494  3.29354  2.67741  2.69355  4.24690  2.90347  2.73739  3.18146  2.89801  2.37887  2.77519  2.98518  4.58477  3.61503
          0.02941  3.93692  4.65927  0.61958  0.77255  0.48576  0.95510
    121   3.34070  4.72360  4.32703  4.05385  0.91190  4.01525  3.90641  2.85653  3.95927  2.21178  3.57722  4.09197  4.47245  4.10952  4.06308  3.60728  3.64190  2.85194  4.13654  2.49554    121 - -
          2.68618  4.42225  2.77519  2.73123  3.46354  2.40513  3.72494  3.29354  2.67741  2.69355  4.24690  2.90347  2.73739  3.18146  2.89801  2.37887  2.77519  2.98518  4.58477  3.61503
          0.02941  3.93692  4.65927  0.61958  0.77255  0.48576  0.95510
    122   2.64636  4.29924  3.76352  3.30882  2.03379  3.55452  4.00371  2.59902  3.22964  2.28448  3.40864  3.56931  4.05331  3.52001  3.49757  2.92136  1.97654  2.44507  4.73849  3.32567    122 - -
          2.68618  4.42225  2.77519  2.73123  3.46354  2.40513  3.72494  3.29354  2.67741  2.69355  4.24690  2.90347  2.73739  3.18146  2.89801  2.37887  2.77519  2.98518  4.58477  3.61503
          0.02941  3.93692  4.65927  0.61958  0.77255  0.48576  0.95510
    123   3.03342  4.44796  4.46699  3.96634  3.28760  4.19722  4.66069  1.96556  3.80416  1.36976  3.15403  4.22518  4.54213  4.08384  4.00997  3.57242  3.30149  1.42679  5.22226  4.01506    123 - -
          2.68618  4.42225  2.77519  2.73123  3.46354  2.40513  3.72494  3.29354  2.67741  2.69355  4.24690  2.90347  2.73739  3.18146  2.89801  2.37887  2.77519  2.98518  4.58477  3.61503
          0.02941  3.93692  4.65927  0.61958  0.77255  0.48576  0.95510
    124   2.89734  5.09915  2.98947  2.54924  4.45779  3.49643  3.61297  3.87012  1.56262  3.35521  4.21753  3.02087  3.92661  1.92768  2.32037  2.88384  3.10482  3.53750  5.45561  4.19792    124 - -
          2.68618  4.42225  2.77519  2.73123  3.46354  2.40513  3.72494  3.29354  2.67741  2.69355  4.24690  2.90347  2.73739  3.18146  2.89801  2.37887  2.77519  2.98518  4.58477  3.61503
          0.02941  3.93692  4.65927  0.61958  0.77255  0.48576  0.95510
    125   2.67899  4.43582  3.49491  3.07575  3.49369  3.49384  4.02152  2.77080  2.95239  1.65239  3.51650  3.43134  2.15999  3.34702  3.25060  2.89462  2.99239  2.62488  5.07627  3.79833    125 - -
          2.68627  4.42234  2.77528  2.73132  3.46363  2.40521  3.72503  3.29363  2.67749  2.69364  4.24698  2.90302  2.73703  3.18084  2.89809  2.37895  2.77528  2.98527  4.58486  3.61512
          0.26838  1.48760  4.65927  0.95773  0.48412  0.48576  0.95510
    126   2.70123  4.56697  3.31622  2.82406  3.82335  3.51177  3.81978  2.86515  1.83811  2.74626  3.73675  3.24021  3.96287  3.04371  2.77897  2.85499  2.96472  1.91435  5.21446  3.95379    129 - -
          2.68618  4.42225  2.77519  2.73123  3.46354  2.40513  3.72494  3.29354  2.67741  2.69355  4.24690  2.90347  2.73739  3.18146  2.89801  2.37887  2.77519  2.98518  4.58477  3.61503
          0.02941  3.93692  4.65927  0.61958  0.77255  0.48576  0.95510
    127   2.34711  4.26834  3.26282  3.08160  4.14063  2.99704  4.18967  3.67196  3.15970  3.38724  4.30797  3.29606  3.74116  3.50400  3.44374  0.99790  2.83207  3.19296  5.50798  4.22450    130 - -
          2.68618  4.42225  2.77519  2.73123  3.46354  2.40513  3.72494  3.29354  2.67741  2.69355  4.24690  2.90347  2.73739  3.18146  2.89801  2.37887  2.77519  2.98518  4.58477  3.61503
          0.02941  3.93692  4.65927  0.61958  0.77255  0.48576  0.95510
    128   2.72943  4.84127  2.94423  2.56062  4.27844  3.36680  3.70898  3.68900  1.66715  3.26543  4.13113  3.02846  2.19524  2.87729  2.62695  2.76836  3.00274  3.34515  5.42751  4.15520    131 - -
          2.68618  4.42225  2.77519  2.73123  3.46354  2.40513  3.72494  3.29354  2.67741  2.69355  4.24690  2.90347  2.73739  3.18146  2.89801  2.37887  2.77519  2.98518  4.58477  3.61503
          0.02941  3.93692  4.65927  0.61958  0.77255  0.48576  0.95510
    129   2.83792  4.58454  3.45206  3.30040  4.29003  3.26841  4.37256  3.85200  3.36320  3.47186  4.52448  3.60061  0.71608  3.75003  3.60144  3.00743  3.28456  3.49002  5.45893  4.41158    132 - -
          2.68618  4.42225  2.77519  2.73123  3.46354  2.40513  3.72494  3.29354  2.67741  2.69355  4.24690  2.90347  2.73739  3.18146  2.89801  2.37887  2.77519  2.98518  4.58477  3.61503
          0.02941  3.93692  4.65927  0.61958  0.77255  0.48576  0.95510
    130   2.72030  2.23405  4.20863  3.70625  3.28539  3.70788  4.31939  2.27116  3.51409  1.51633  3.27857  3.87617  4.19361  3.81289  3.70689  3.10439  3.03447  2.15019  4.99366  3.74942    133 - -
          2.68618  4.42225  2.77519  2.73123  3.46354  2.40513  3.72494  3.29354  2.67741  2.69355  4.24690  2.90347  2.73739  3.18146  2.89801  2.37887  2.77519  2.98518  4.58477  3.61503
          0.02941  3.93692  4.65927  0.61958  0.77255  0.48576  0.95510
    131   2.85896  4.38379  4.21436  3.87954  3.59741  3.79037  4.67018  2.04801  3.74829  2.27330  3.55284  4.05900  4.34733  4.10348  3.95457  3.29799  3.21896  0.94744  5.39271  4.12830    134 - -
          2.68618  4.42225  2.77519  2.73123  3.46354  2.40513  3.72494  3.29354  2.67741  2.69355  4.24690  2.90347  2.73739  3.18146  2.89801  2.37887  2.77519  2.98518  4.58477  3.61503
          0.02941  3.93692  4.65927  0.61958  0.77255  0.48576  0.95510
    132   2.85896  4.38379  4.21436  3.87954  3.59741  3.79037  4.67018  2.04801  3.74829  2.27330  3.55284  4.05900  4.34733  4.10348  3.95457  3.29799  3.21896  0.94744  5.39271  4.12830    135 - -
          2.68618  4.42225  2.77519  2.73123  3.46354  2.40513  3.72494  3.29354  2.67741  2.69355  4.24690  2.90347  2.73739  3.18146  2.89801  2.37887  2.77519  2.98518  4.58477  3.61503
          0.02941  3.93692  4.65927  0.61958  0.77255  0.48576  0.95510
    133   2.74607  4.51511  3.43303  3.34063  4.48175  0.63624  4.45696  4.09704  3.53066  3.74309  4.71936  3.59730  3.90832  3.84972  3.75964  2.91983  3.23231  3.61292  5.55988  4.58582    136 - -
          2.68618  4.42225  2.77519  2.73123  3.46354  2.40513  3.72494  3.29354  2.67741  2.69355  4.24690  2.90347  2.73739  3.18146  2.89801  2.37887  2.77519  2.98518  4.58477  3.61503
          0.02941  3.93692  4.65927  0.61958  0.77255  0.48576  0.95510
    134   2.74607  4.51511  3.43303  3.34063  4.48175  0.63624  4.45696  4.09704  3.53066  3.74309  4.71936  3.59730  3.90832  3.84972  3.75964  2.91983  3.23231  3.61292  5.55988  4.58582    137 - -
          2.68618  4.42225  2.77519  2.73123  3.46354  2.40513  3.72494  3.29354  2.67741  2.69355  4.24690  2.90347  2.73739  3.18146  2.89801  2.37887  2.77519  2.98518  4.58477  3.61503
          0.02941  3.93692  4.65927  0.61958  0.77255  0.48576  0.95510
    135   1.48951  1.99231  3.96082  3.58484  3.87115  3.02587  4.34159  2.92619  3.46422  2.88272  3.84440  3.54249  3.75886  3.74250  3.66844  2.48054  2.70393  2.59622  5.36075  4.17674    138 - -
          2.68618  4.42225  2.77519  2.73123  3.46354  2.40513  3.72494  3.29354  2.67741  2.69355  4.24690  2.90347  2.73739  3.18146  2.89801  2.37887  2.77519  2.98518  4.58477  3.61503
          0.02941  3.93692  4.65927  0.61958  0.77255  0.48576  0.95510
    136   2.67254  4.49583  3.23352  2.89276  3.17138  1.99215  3.78915  3.23560  2.90105  2.87780  3.83175  3.26564  3.93586  3.24588  3.23171  2.81861  2.98832  2.96746  4.69652  1.93112    139 - -
          2.68618  4.42225  2.77519  2.73123  3.46354  2.40513  3.72494  3.29354  2.67741  2.69355  4.24690  2.90347  2.73739  3.18146  2.89801  2.37887  2.77519  2.98518  4.58477  3.61503
          0.02941  3.93692  4.65927  0.61958  0.77255  0.48576  0.95510
    137   3.34070  4.72360  4.32703  4.05385  0.91190  4.01525  3.90641  2.85653  3.95927  2.21178  3.57722  4.09197  4.47245  4.10952  4.06308  3.60728  3.64190  2.85194  4.13654  2.49554    140 - -
          2.68618  4.42225  2.77519  2.73123  3.46354  2.40513  3.72494  3.29354  2.67741  2.69355  4.24690  2.90347  2.73739  3.18146  2.89801  2.37887  2.77519  2.98518  4.58477  3.61503
          0.02941  3.93692  4.65927  0.61958  0.77255  0.48576  0.95510
    138   2.93233  4.91985  2.94595  2.70167  4.09694  3.40882  3.86055  3.73755  2.51801  3.23351  4.25955  3.16197  3.96320  1.12374  2.80093  2.97735  3.22924  3.46322  5.35755  4.05556    141 - -
          2.68618  4.42225  2.77519  2.73123  3.46354  2.40513  3.72494  3.29354  2.67741  2.69355  4.24690  2.90347  2.73739  3.18146  2.89801  2.37887  2.77519  2.98518  4.58477  3.61503
          0.02941  3.93692  4.65927  0.61958  0.77255  0.48576  0.95510
    139   2.67858  4.43602  3.49378  3.07480  3.49476  3.49299  4.02107  2.77216  2.95156  1.65578  3.51787  3.43050  2.15505  3.34634  3.24992  2.89388  2.99213  2.62583  5.07678  3.79864    142 - -
          2.68618  4.42225  2.77519  2.73123  3.46354  2.40513  3.72494  3.29354  2.67741  2.69355  4.24690  2.90347  2.73739  3.18146  2.89801  2.37887  2.77519  2.98518  4.58477  3.61503
          0.02941  3.93692  4.65927  0.61958  0.77255  0.48576  0.95510
    140   3.07846  4.91304  3.57571  3.07340  4.28395  3.55406  3.87152  3.83014  2.26417  3.33436  4.33288  3.42821  4.05352  3.08866  0.88435  3.15953  3.34003  3.55131  5.34089  4.19733    143 - -
          2.68618  4.42225  2.77519  2.73123  3.46354  2.40513  3.72494  3.29354  2.67741  2.69355  4.24690  2.90347  2.73739  3.18146  2.89801  2.37887  2.77519  2.98518  4.58477  3.61503
          0.02941  3.93692  4.65927  0.61958  0.77255  0.48576  0.95510
    141   2.74607  4.51511  3.43303  3.34063  4.48175  0.63624  4.45696  4.09704  3.53066  3.74309  4.71936  3.59730  3.90832  3.84972  3.75964  2.91983  3.23231  3.61292  5.55988  4.58582    144 - -
          2.68618  4.42225  2.77519  2.73123  3.46354  2.40513  3.72494  3.29354  2.67741  2.69355  4.24690  2.90347  2.73739  3.18146  2.89801  2.37887  2.77519  2.98518  4.58477  3.61503
          0.02941  3.93692  4.65927  0.61958  0.77255  0.48576  0.95510
    142   2.61256  4.66533  2.95070  2.58355  4.07404  3.30805  3.75291  3.44716  2.46947  3.07790  3.97999  3.03674  3.83359  2.01348  2.81412  2.69018  2.00552  3.13037  5.36129  4.06187    145 - -
          2.68618  4.42225  2.77519  2.73123  3.46354  2.40513  3.72494  3.29354  2.67741  2.69355  4.24690  2.90347  2.73739  3.18146  2.89801  2.37887  2.77519  2.98518  4.58477  3.61503
          0.02941  3.93692  4.65927  0.61958  0.77255  0.48576  0.95510
    143   3.03342  4.44796  4.46699  3.96634  3.28760  4.19722  4.66069  1.96556  3.80416  1.36976  3.15403  4.22518  4.54213  4.08384  4.00997  3.57242  3.30149  1.42679  5.22226  4.01506    146 - -
          2.68618  4.42225  2.77519  2.73123  3.46354  2.40513  3.72494  3.29354  2.67741  2.69355  4.24690  2.90347  2.73739  3.18146  2.89801  2.37887  2.77519  2.98518  4.58477  3.61503
          0.02941  3.93692  4.65927  0.61958  0.77255  0.48576  0.95510
    144   2.53453  4.33065  3.44432  3.03251  3.53201  3.35614  3.97313  2.84276  2.92685  1.80489  3.61253  3.35284  3.91304  3.30874  3.22866  1.88694  2.87773  2.62653  5.06134  3.74721    147 - -
          2.68618  4.42225  2.77519  2.73123  3.46354  2.40513  3.72494  3.29354  2.67741  2.69355  4.24690  2.90347  2.73739  3.18146  2.89801  2.37887  2.77519  2.98518  4.58477  3.61503
          0.02941  3.93692  4.65927  0.61958  0.77255  0.48576  0.95510
    145   2.77409  5.03127  2.58245  2.34809  4.32170  3.31019  3.68581  3.86420  2.41178  3.40339  4.25813  1.95663  3.84108  1.95366  2.79290  2.75831  3.04546  3.49721  5.51695  4.13895    148 - -
          2.68618  4.42225  2.77519  2.73123  3.46354  2.40513  3.72494  3.29354  2.67741  2.69355  4.24690  2.90347  2.73739  3.18146  2.89801  2.37887  2.77519  2.98518  4.58477  3.61503
          0.02941  3.93692  4.65927  0.61958  0.77255  0.48576  0.95510
    146   3.01693  5.11664  3.42407  2.77131  4.55793  3.63287  3.59259  3.90979  1.42093  3.36376  4.23826  3.17331  4.00688  2.73071  1.54559  3.01739  3.18754  3.59554  5.41426  4.24363    149 - -
          2.68618  4.42225  2.77519  2.73123  3.46354  2.40513  3.72494  3.29354  2.67741  2.69355  4.24690  2.90347  2.73739  3.18146  2.89801  2.37887  2.77519  2.98518  4.58477  3.61503
          0.02941  3.93692  4.65927  0.61958  0.77255  0.48576  0.95510
    147   3.34064  4.80351  3.93351  3.67504  2.29657  3.90531  3.64942  3.34089  3.53071  2.77819  4.00925  3.80311  4.37768  3.82127  3.70119  3.47091  3.62764  3.21450  3.94279  0.86502    150 - -
          2.68618  4.42225  2.77519  2.73123  3.46354  2.40513  3.72494  3.29354  2.67741  2.69355  4.24690  2.90347  2.73739  3.18146  2.89801  2.37887  2.77519  2.98518  4.58477  3.61503
          0.02941  3.93692  4.65927  0.61958  0.77255  0.48576  0.95510
    148   3.09112  4.46086  4.56014  4.05172  1.91863  4.24430  4.36700  1.56528  3.92417  1.72598  3.07433  4.22851  4.53825  4.08461  4.07150  3.59682  3.33327  2.11580  4.72131  3.30722    151 - -
          2.68618  4.42225  2.77519  2.73123  3.46354  2.40513  3.72494  3.29354  2.67741  2.69355  4.24690  2.90347  2.73739  3.18146  2.89801  2.37887  2.77519  2.98518  4.58477  3.61503
          0.02941  3.93692  4.65927  0.61958  0.77255  0.48576  0.95510
    149   2.31476  4.29256  3.13106  2.85905  4.20355  3.00762  4.02821  3.65534  2.94024  3.32114  4.17081  3.15727  1.99129  3.27180  3.28880  1.62659  2.76006  3.17303  5.52936  4.26150    152 - -
          2.68618  4.42225  2.77519  2.73123  3.46354  2.40513  3.72494  3.29354  2.67741  2.69355  4.24690  2.90347  2.73739  3.18146  2.89801  2.37887  2.77519  2.98518  4.58477  3.61503
          0.02941  3.93692  4.65927  0.61958  0.77255  0.48576  0.95510
    150   2.64371  2.31097  4.12502  3.60178  3.28891  3.63862  4.23611  2.33419  3.42799  2.09037  2.09917  3.78213  4.12084  3.71434  3.62942  3.00963  2.95211  2.20189  4.95527  3.74541    153 - -
          2.68618  4.42225  2.77519  2.73123  3.46354  2.40513  3.72494  3.29354  2.67741  2.69355  4.24690  2.90347  2.73739  3.18146  2.89801  2.37887  2.77519  2.98518  4.58477  3.61503
          0.02941  3.93692  4.65927  0.61958  0.77255  0.48576  0.95510
    151   2.49567  4.28043  3.54101  3.14063  3.70438  3.31697  4.10618  2.70360  3.07360  2.62314  3.67222  3.42252  2.15048  3.42446  3.37627  2.72751  2.86836  1.70935  5.23163  3.98363    154 - -
          2.68618  4.42225  2.77519  2.73123  3.46354  2.40513  3.72494  3.29354  2.67741  2.69355  4.24690  2.90347  2.73739  3.18146  2.89801  2.37887  2.77519  2.98518  4.58477  3.61503
          0.02941  3.93692  4.65927  0.61958  0.77255  0.48576  0.95510
    152   3.23740  4.60706  4.56654  4.08052  1.77740  4.31181  4.23457  2.34741  3.93679  1.20595  3.01627  4.24138  4.58152  4.06984  4.07134  3.67487  3.47149  2.43188  4.51053  3.01760    155 - -
          2.68618  4.42225  2.77519  2.73123  3.46354  2.40513  3.72494  3.29354  2.67741  2.69355  4.24690  2.90347  2.73739  3.18146  2.89801  2.37887  2.77519  2.98518  4.58477  3.61503
          0.02941  3.93692  4.65927  0.61958  0.77255  0.48576  0.95510
    153   2.86872  5.01963  3.01956  2.57067  4.17218  3.49723  2.22072  3.77045  1.59984  3.28229  4.14883  3.03866  3.92545  2.78620  2.38778  2.87185  3.08164  3.44995  5.31316  3.98908    156 - -
          2.68618  4.42225  2.77519  2.73123  3.46354  2.40513  3.72494  3.29354  2.67741  2.69355  4.24690  2.90347  2.73739  3.18146  2.89801  2.37887  2.77519  2.98518  4.58477  3.61503
          0.02941  3.93692  4.65927  0.61958  0.77255  0.48576  0.95510
    154   2.66406  4.71677  3.06088  2.62656  4.16235  3.36641  3.71899  3.46918  1.72325  3.13052  4.01232  3.06887  3.86152  2.89510  2.62592  2.73599  2.02078  3.15188  5.37199  4.10523    157 - -
          2.68618  4.42225  2.77519  2.73123  3.46354  2.40513  3.72494  3.29354  2.67741  2.69355  4.24690  2.90347  2.73739  3.18146  2.89801  2.37887  2.77519  2.98518  4.58477  3.61503
          0.02941  3.93692  4.65927  0.61958  0.77255  0.48576  0.95510
    155   2.64927  4.76181  2.92595  2.55196  4.25577  3.31003  3.71276  3.67428  1.72146  3.26649  4.11688  3.00871  3.83219  2.88302  2.66481  1.90057  2.94573  3.30820  5.43538  4.14120    158 - -
          2.68618  4.42225  2.77519  2.73123  3.46354  2.40513  3.72494  3.29354  2.67741  2.69355  4.24690  2.90347  2.73739  3.18146  2.89801  2.37887  2.77519  2.98518  4.58477  3.61503
          0.02941  3.93692  4.65927  0.61958  0.77255  0.48576  0.95510
    156   2.77830  4.59706  3.29175  2.88315  2.99579  3.52903  3.68559  3.24974  2.75383  2.84631  3.81330  2.02182  3.99404  3.16900  3.06724  2.90104  3.04744  3.00587  2.24821  2.98283    159 - -
          2.68618  4.42225  2.77519  2.73123  3.46354  2.40513  3.72494  3.29354  2.67741  2.69355  4.24690  2.90347  2.73739  3.18146  2.89801  2.37887  2.77519  2.98518  4.58477  3.61503
          0.02941  3.93692  4.65927  0.61958  0.77255  0.48576  0.95510
    157   2.80585  5.20555  1.74275  2.22132  4.52319  3.27898  3.68145  3.99528  1.79169  3.52781  4.36065  2.77865  3.81948  2.83382  2.96183  2.74841  3.06920  3.60720  5.67237  4.26890    160 - -
          2.68618  4.42225  2.77519  2.73123  3.46354  2.40513  3.72494  3.29354  2.67741  2.69355  4.24690  2.90347  2.73739  3.18146  2.89801  2.37887  2.77519  2.98518  4.58477  3.61503
          0.02941  3.93692  4.65927  0.61958  0.77255  0.48576  0.95510
    158   2.77360  5.03048  1.54990  2.26635  4.57866  1.84693  3.83823  4.09019  2.84635  3.66040  4.51951  2.81078  3.80983  3.02845  3.37980  2.75305  3.11510  3.65436  5.77955  4.39737    161 - -
          2.68618  4.42225  2.77519  2.73123  3.46354  2.40513  3.72494  3.29354  2.67741  2.69355  4.24690  2.90347  2.73739  3.18146  2.89801  2.37887  2.77519  2.98518  4.58477  3.61503
          0.02941  3.93692  4.65927  0.61958  0.77255  0.48576  0.95510
    159   3.44378  4.79538  4.19044  3.91246  2.73373  3.80294  3.98024  3.47012  3.63329  2.85388  4.10094  4.04851  4.32606  4.01757  3.75030  3.64687  3.74744  3.36225  0.76479  2.73247    162 - -
          2.68618  4.42225  2.77519  2.73123  3.46354  2.40513  3.72494  3.29354  2.67741  2.69355  4.24690  2.90347  2.73739  3.18146  2.89801  2.37887  2.77519  2.98518  4.58477  3.61503
          0.02941  3.93692  4.65927  0.61958  0.77255  0.48576  0.95510
    160   2.86886  5.01999  3.02000  2.57077  4.17320  3.49740  2.22481  3.77094  1.59742  3.28261  4.14907  3.03871  3.92549  2.78592  2.38714  2.87192  3.08169  3.45036  5.31358  3.98975    163 - -
          2.68618  4.42225  2.77519  2.73123  3.46354  2.40513  3.72494  3.29354  2.67741  2.69355  4.24690  2.90347  2.73739  3.18146  2.89801  2.37887  2.77519  2.98518  4.58477  3.61503
          0.02941  3.93692  4.65927  0.61958  0.77255  0.48576  0.95510
    161   1.47660  4.13545  3.38405  3.10682  4.20894  2.92287  4.17675  3.55253  3.15446  3.30455  4.16035  3.26838  3.66771  3.45570  3.45988  1.55753  2.68507  3.05451  5.57489  4.35004    164 - -
          2.68618  4.42225  2.77519  2.73123  3.46354  2.40513  3.72494  3.29354  2.67741  2.69355  4.24690  2.90347  2.73739  3.18146  2.89801  2.37887  2.77519  2.98518  4.58477  3.61503
          0.02941  3.93692  4.65927  0.61958  0.77255  0.48576  0.95510
    162   2.85835  5.31001  1.56094  2.12675  4.63013  3.19315  3.75107  4.18142  2.75149  3.71324  4.56730  1.80315  3.81262  2.92545  3.31751  2.77593  3.16055  3.76012  5.84455  4.36417    165 - -
          2.68618  4.42225  2.77519  2.73123  3.46354  2.40513  3.72494  3.29354  2.67741  2.69355  4.24690  2.90347  2.73739  3.18146  2.89801  2.37887  2.77519  2.98518  4.58477  3.61503
          0.02941  3.93692  4.65927  0.61958  0.77255  0.48576  0.95510
    163   3.44378  4.79538  4.19044  3.91246  2.73373  3.80294  3.98024  3.47012  3.63329  2.85388  4.10094  4.04851  4.32606  4.01757  3.75030  3.64687  3.74744  3.36225  0.76479  2.73247    166 - -
          2.68618  4.42225  2.77519  2.73123  3.46354  2.40513  3.72494  3.29354  2.67741  2.69355  4.24690  2.90347  2.73739  3.18146  2.89801  2.37887  2.77519  2.98518  4.58477  3.61503
          0.02941  3.93692  4.65927  0.61958  0.77255  0.48576  0.95510
    164   3.34070  4.72360  4.32703  4.05385  0.91190  4.01525  3.90641  2.85653  3.95927  2.21178  3.57722  4.09197  4.47245  4.10952  4.06308  3.60728  3.64190  2.85194  4.13654  2.49554    167 - -
          2.68618  4.42225  2.77519  2.73123  3.46354  2.40513  3.72494  3.29354  2.67741  2.69355  4.24690  2.90347  2.73739  3.18146  2.89801  2.37887  2.77519  2.98518  4.58477  3.61503
          0.02941  3.93692  4.65927  0.61958  0.77255  0.48576  0.95510
    165   3.34064  4.80351  3.93351  3.67504  2.29657  3.90531  3.64942  3.34089  3.53071  2.77819  4.00925  3.80311  4.37768  3.82127  3.70119  3.47091  3.62764  3.21450  3.94279  0.86502    168 - -
          2.68618  4.42225  2.77519  2.73123  3.46354  2.40513  3.72494  3.29354  2.67741  2.69355  4.24690  2.90347  2.73739  3.18146  2.89801  2.37887  2.77519  2.98518  4.58477  3.61503
          0.02941  3.93692  4.65927  0.61958  0.77255  0.48576  0.95510
    166   2.53489  4.23331  3.82580  3.39547  3.68567  3.43199  4.28435  2.34163  3.29237  2.49785  3.59673  3.61463  4.02286  3.63048  3.56681  2.83651  1.91729  1.56323  5.29955  4.07237    169 - -
          2.68618  4.42225  2.77519  2.73123  3.46354  2.40513  3.72494  3.29354  2.67741  2.69355  4.24690  2.90347  2.73739  3.18146  2.89801  2.37887  2.77519  2.98518  4.58477  3.61503
          0.02941  3.93692  4.65927  0.61958  0.77255  0.48576  0.95510
    167   2.68249  4.80218  2.81497  2.50167  4.18648  3.30832  3.73723  3.66348  2.45813  3.22841  4.11145  2.98401  2.19481  1.94266  2.81765  2.72408  2.97644  3.31940  5.42248  4.10491    170 - -
          2.68618  4.42225  2.77519  2.73123  3.46354  2.40513  3.72494  3.29354  2.67741  2.69355  4.24690  2.90347  2.73739  3.18146  2.89801  2.37887  2.77519  2.98518  4.58477  3.61503
          0.02941  3.93692  4.65927  0.61958  0.77255  0.48576  0.95510
    168   2.68247  4.55963  3.12693  2.76553  3.56272  3.44000  3.82696  3.00230  2.69882  1.89149  3.72639  2.08478  3.93750  3.11865  3.03414  2.82255  2.97033  2.78809  5.05020  3.67273    171 - -
          2.68618  4.42225  2.77519  2.73123  3.46354  2.40513  3.72494  3.29354  2.67741  2.69355  4.24690  2.90347  2.73739  3.18146  2.89801  2.37887  2.77519  2.98518  4.58477  3.61503
          0.02941  3.93692  4.65927  0.61958  0.77255  0.48576  0.95510
    169   1.53231  4.23395  3.28566  2.99174  4.14403  3.01461  4.09760  3.45336  3.03344  3.19601  4.08955  3.24014  1.97043  3.36133  3.35906  2.47001  2.75178  3.02640  5.50616  4.27613    172 - -
          2.68618  4.42225  2.77519  2.73123  3.46354  2.40513  3.72494  3.29354  2.67741  2.69355  4.24690  2.90347  2.73739  3.18146  2.89801  2.37887  2.77519  2.98518  4.58477  3.61503
          0.02941  3.93692  4.65927  0.61958  0.77255  0.48576  0.95510
    170   2.92080  5.46845  1.52385  1.49914  4.75437  3.20002  3.74323  4.26517  2.75643  3.77806  4.63560  2.66820  3.82033  2.91138  3.34504  2.80781  3.20939  3.84650  5.93191  4.43734    173 - -
          2.68618  4.42225  2.77519  2.73123  3.46354  2.40513  3.72494  3.29354  2.67741  2.69355  4.24690  2.90347  2.73739  3.18146  2.89801  2.37887  2.77519  2.98518  4.58477  3.61503
          0.02941  3.93692  4.65927  0.61958  0.77255  0.48576  0.95510
    171   2.75009  4.97175  2.53233  1.64763  4.36847  3.26880  3.75006  3.80346  2.59204  3.39250  4.25698  2.86850  2.14412  2.92540  3.03298  2.74663  3.04166  3.44183  5.57880  4.23179    174 - -
          2.68618  4.42225  2.77519  2.73123  3.46354  2.40513  3.72494  3.29354  2.67741  2.69355  4.24690  2.90347  2.73739  3.18146  2.89801  2.37887  2.77519  2.98518  4.58477  3.61503
          0.02941  3.93692  4.65927  0.61958  0.77255  0.48576  0.95510
    172   0.92475  4.22462  3.52832  3.32265  4.11682  3.04742  4.33704  3.25200  3.34057  3.13063  4.15545  3.45588  3.79274  3.67585  3.58662  2.57440  2.85622  2.89526  5.53754  4.34497    175 - -
          2.68618  4.42225  2.77519  2.73123  3.46354  2.40513  3.72494  3.29354  2.67741  2.69355  4.24690  2.90347  2.73739  3.18146  2.89801  2.37887  2.77519  2.98518  4.58477  3.61503
          0.26838  3.93692  1.53304  0.61958  0.77255  0.48576  0.95510
    173   2.82842  4.66363  3.30314  2.86156  3.97556  3.33768  3.72713  3.51238  2.20723  3.05973  4.07274  3.23010  3.85593  2.96327  1.27052  2.92541  3.11091  3.24568  5.13170  3.94725    176 - -
          2.68618  4.42225  2.77519  2.73123  3.46354  2.40513  3.72494  3.29354  2.67741  2.69355  4.24690  2.90347  2.73739  3.18146  2.89801  2.37887  2.77519  2.98518  4.58477  3.61503
          0.03720  3.70574  4.42809  0.61958  0.77255  0.66894  0.71796
    174   2.97321  4.48978  3.91471  3.56303  3.08528  3.75907  4.27121  2.29239  3.33207  1.11419  3.17715  3.85317  4.22960  3.74125  3.53192  3.32303  3.27885  2.28446  4.89501  3.57731    177 - -
          2.68618  4.42225  2.77519  2.73123  3.46354  2.40513  3.72494  3.29354  2.67741  2.69355  4.24690  2.90347  2.73739  3.18146  2.89801  2.37887  2.77519  2.98518  4.58477  3.61503
          0.03720  3.70574  4.42809  0.61958  0.77255  0.66894  0.71796
    175   2.82842  4.66363  3.30314  2.86156  3.97556  3.33768  3.72713  3.51238  2.20723  3.05973  4.07274  3.23010  3.85593  2.96327  1.27052  2.92541  3.11091  3.24568  5.13170  3.94725    178 - -
          2.68618  4.42225  2.77519  2.73123  3.46354  2.40513  3.72494  3.29354  2.67741  2.69355  4.24690  2.90347  2.73739  3.18146  2.89801  2.37887  2.77519  2.98518  4.58477  3.61503
          0.03720  3.70574  4.42809  0.61958  0.77255  0.38621  1.13827
    176   3.22769  4.67089  4.29289  3.93309  3.16063  4.06387  4.56860  2.36827  3.70020  0.79977  3.16357  4.20231  4.48819  4.05312  3.86571  3.64233  3.51903  2.42232  5.06324  3.80142    179 - -
          2.68618  4.42225  2.77519  2.73123  3.46354  2.40513  3.72494  3.29354  2.67741  2.69355  4.24690  2.90347  2.73739  3.18146  2.89801  2.37887  2.77519  2.98518  4.58477  3.61503
          0.02941  3.93692  4.65927  0.61958  0.77255  0.48576  0.95510
    177   2.83792  4.58454  3.45206  3.30040  4.29003  3.26841  4.37256  3.85200  3.36320  3.47186  4.52448  3.60061  0.71608  3.75003  3.60144  3.00743  3.28456  3.49002  5.45893  4.41158    180 - -
          2.68618  4.42225  2.77519  2.73123  3.46354  2.40513  3.72494  3.29354  2.67741  2.69355  4.24690  2.90347  2.73739  3.18146  2.89801  2.37887  2.77519  2.98518  4.58477  3.61503
          0.02941  3.93692  4.65927  0.61958  0.77255  0.48576  0.95510
    178   2.68234  4.90467  2.51466  1.69278  4.35131  3.22700  3.74342  3.79063  2.59930  3.39273  4.24185  2.84713  3.80057  2.91875  3.04768  1.86752  2.99097  3.40910  5.58912  4.21648    181 - -
          2.68618  4.42225  2.77519  2.73123  3.46354  2.40513  3.72494  3.29354  2.67741  2.69355  4.24690  2.90347  2.73739  3.18146  2.89801  2.37887  2.77519  2.98518  4.58477  3.61503
          0.02941  3.93692  4.65927  0.61958  0.77255  0.48576  0.95510
    179   2.81925  4.73022  3.15622  2.74020  3.09426  3.55808  3.63264  3.30893  2.56777  2.85406  3.83482  3.17303  3.98739  2.04154  2.88979  2.89818  3.05787  3.07737  4.62174  2.05738    182 - -
          2.68618  4.42225  2.77519  2.73123  3.46354  2.40513  3.72494  3.29354  2.67741  2.69355  4.24690  2.90347  2.73739  3.18146  2.89801  2.37887  2.77519  2.98518  4.58477  3.61503
          0.02941  3.93692  4.65927  0.61958  0.77255  0.48576  0.95510
    180   2.31476  4.29256  3.13106  2.85905  4.20355  3.00762  4.02821  3.65534  2.94024  3.32114  4.17081  3.15727  1.99129  3.27180  3.28880  1.62659  2.76006  3.17303  5.52936  4.26150    183 - -
          2.68618  4.42225  2.77519  2.73123  3.46354  2.40513  3.72494  3.29354  2.67741  2.69355  4.24690  2.90347  2.73739  3.18146  2.89801  2.37887  2.77519  2.98518  4.58477  3.61503
          0.02941  3.93692  4.65927  0.61958  0.77255  0.48576  0.95510
    181   2.71580  4.52378  3.29455  2.90095  3.08065  3.48173  3.74783  3.15355  2.84821  2.76832  3.75303  3.28168  2.17166  3.21334  3.17583  2.86126  3.00371  2.91774  4.62341  1.96883    184 - -
          2.68618  4.42225  2.77519  2.73123  3.46354  2.40513  3.72494  3.29354  2.67741  2.69355  4.24690  2.90347  2.73739  3.18146  2.89801  2.37887  2.77519  2.98518  4.58477  3.61503
          0.01989  3.92740        *  0.61958  0.77255  0.00000        *
//
