HMMER3/b [3.0b2 | June 2009]
NAME  hATC
ACC   PF05699.7
DESC  hAT family dimerisation domain
LENG  84
ALPH  amino
RF    no
CS    no
MAP   yes
DATE  Fri Sep 11 22:18:50 2009
NSEQ  49
EFFN  9.393860
CKSUM 1108850704
GA    20.70 20.70;
TC    20.70 20.70;
NC    20.60 20.60;
BM    hmmbuild HMM.ann SEED.ann
SM    hmmsearch -Z 9421015 -E 1000 HMM pfamseq
STATS LOCAL MSV       -8.8958  0.71850
STATS LOCAL VITERBI   -9.5551  0.71850
STATS LOCAL FORWARD   -4.3633  0.71850
HMM          A        C        D        E        F        G        H        I        K        L        M        N        P        Q        R        S        T        V        W        Y   
            m->m     m->i     m->d     i->m     i->i     d->m     d->d
  COMPO   2.64636  4.10141  3.03458  2.59031  3.21924  3.47993  3.93528  2.84095  2.73462  2.22074  3.60034  3.03541  3.26987  3.13646  2.90263  2.44448  2.90551  2.75952  3.93791  3.46417
          2.68618  4.42225  2.77519  2.73123  3.46354  2.40513  3.72494  3.29354  2.67741  2.69355  4.24690  2.90347  2.73739  3.18146  2.89801  2.37887  2.77519  2.98518  4.58477  3.61503
          0.03529  5.90795  3.44324  0.61958  0.77255  0.00000        *
      1   2.97067  5.84057  2.26870  0.96568  3.26153  4.11636  4.30754  4.66029  3.04692  2.98156  4.88341  2.75397  4.04931  2.97099  3.53936  3.04668  3.09564  4.22750  6.27724  4.86950      1 - -
          2.68618  4.42225  2.77519  2.73123  3.46354  2.40513  3.72494  3.29354  2.67741  2.69355  4.24690  2.90347  2.73739  3.18146  2.89801  2.37887  2.77519  2.98518  4.58477  3.61503
          0.00417  5.87683  6.59918  0.61958  0.77255  0.67986  0.70662
      2   2.70103  4.87581  4.99984  3.41232  3.51418  3.04721  4.85708  2.77171  2.87563  0.91856  3.99180  4.57031  3.26206  4.47138  4.41354  3.83877  3.65913  2.56369  5.49006  2.75879      2 - -
          2.68618  4.42225  2.77519  2.73123  3.46354  2.40513  3.72494  3.29354  2.67741  2.69355  4.24690  2.90347  2.73739  3.18146  2.89801  2.37887  2.77519  2.98518  4.58477  3.61503
          0.00417  5.87683  6.59918  0.61958  0.77255  0.38110  1.14919
      3   3.08047  5.86291  1.66747  1.74703  5.20736  4.12772  3.66067  3.97630  3.04977  4.16793  3.65657  2.60507  4.52118  3.20411  2.06391  2.70838  2.59046  3.77649  6.29596  4.21569      3 - -
          2.68618  4.42225  2.77519  2.73123  3.46354  2.40513  3.72494  3.29354  2.67741  2.69355  4.24690  2.90347  2.73739  3.18146  2.89801  2.37887  2.77519  2.98518  4.58477  3.61503
          0.00405  5.90795  6.63030  0.61958  0.77255  0.48576  0.95510
      4   3.10138  5.85981  2.51326  2.12656  4.18302  4.12837  3.22173  3.53278  2.16748  2.89428  3.81189  2.99863  4.52180  2.18605  2.60745  2.43489  2.89736  2.80463  6.29368  4.88393      4 - -
          2.68618  4.42225  2.77519  2.73123  3.46354  2.40513  3.72494  3.29354  2.67741  2.69355  4.24690  2.90347  2.73739  3.18146  2.89801  2.37887  2.77519  2.98518  4.58477  3.61503
          0.00405  5.90795  6.63030  0.61958  0.77255  0.48576  0.95510
      5   3.06906  5.19515  4.01717  4.84662  2.30243  4.88959  4.91888  3.64759  4.68783  1.77861  4.31441  4.89603  5.24705  2.58179  4.77880  4.19460  4.02399  3.46537  3.72821  0.90451      5 - -
          2.68618  4.42225  2.77519  2.73123  3.46354  2.40513  3.72494  3.29354  2.67741  2.69355  4.24690  2.90347  2.73739  3.18146  2.89801  2.37887  2.77519  2.98518  4.58477  3.61503
          0.00405  5.90795  6.63030  0.61958  0.77255  0.48576  0.95510
      6   2.70370  4.91222  4.95019  4.36118  2.64258  3.48037  3.71073  2.55507  2.35287  1.23065  2.68223  4.55241  4.92431  3.51901  3.77213  2.76038  3.67842  2.88562  5.52464  3.59964      6 - -
          2.68618  4.42225  2.77519  2.73123  3.46354  2.40513  3.72494  3.29354  2.67741  2.69355  4.24690  2.90347  2.73739  3.18146  2.89801  2.37887  2.77519  2.98518  4.58477  3.61503
          0.00405  5.90795  6.63030  0.61958  0.77255  0.48576  0.95510
      7   2.59990  5.86508  2.09331  2.01934  5.21052  3.24571  4.31424  4.69675  2.13556  3.29376  3.52652  3.34130  4.52070  2.71250  2.99194  2.03042  2.70465  3.52871  6.29754  3.76925      7 - -
          2.68618  4.42225  2.77519  2.73123  3.46354  2.40513  3.72494  3.29354  2.67741  2.69355  4.24690  2.90347  2.73739  3.18146  2.89801  2.37887  2.77519  2.98518  4.58477  3.61503
          0.00405  5.90795  6.63030  0.61958  0.77255  0.48576  0.95510
      8   2.49326  4.37682  2.75393  1.01298  3.21320  4.13583  3.47693  4.63006  2.83049  3.19927  3.73130  3.60982  4.52890  2.72251  3.20684  3.32585  2.93857  4.20858  6.26936  4.86848      8 - -
          2.68618  4.42225  2.77519  2.73123  3.46354  2.40513  3.72494  3.29354  2.67741  2.69355  4.24690  2.90347  2.73739  3.18146  2.89801  2.37887  2.77519  2.98518  4.58477  3.61503
          0.56771  5.90795  0.84290  0.61958  0.77255  0.48576  0.95510
      9   2.74211  5.04424  3.61164  1.97817  2.84635  3.00324  4.16115  2.69139  3.03356  1.77371  4.13109  2.58526  3.30047  3.36931  2.81870  3.15750  3.28640  3.34637  5.58575  4.29773      9 - -
          2.68618  4.42225  2.77519  2.73123  3.46354  2.40513  3.72494  3.29354  2.67741  2.69355  4.24690  2.90347  2.73739  3.18146  2.89801  2.37887  2.77519  2.98518  4.58477  3.61503
          0.00710  5.34734  6.06968  0.61958  0.77255  0.10114  2.34142
     10   3.15050  5.83335  2.26264  2.34692  3.28040  3.30206  3.20048  2.77335  2.13682  3.43172  4.87758  3.08111  1.81025  3.42363  3.55341  2.88686  3.04075  3.35033  6.27423  4.87158     10 - -
          2.68618  4.42225  2.77519  2.73123  3.46354  2.40513  3.72494  3.29354  2.67741  2.69355  4.24690  2.90347  2.73739  3.18146  2.89801  2.37887  2.77519  2.98518  4.58477  3.61503
          0.00405  5.90795  6.63030  0.61958  0.77255  0.48576  0.95510
     11   3.41473  2.76039  3.15306  3.33782  3.18162  4.39269  3.18039  2.32760  3.37215  2.15782  4.24215  2.73744  2.78440  3.97659  3.10525  3.05333  2.96924  1.80060  5.72055  4.48551     11 - -
          2.68618  4.42225  2.77519  2.73123  3.46354  2.40513  3.72494  3.29354  2.67741  2.69355  4.24690  2.90347  2.73739  3.18146  2.89801  2.37887  2.77519  2.98518  4.58477  3.61503
          0.00405  5.90795  6.63030  0.61958  0.77255  0.48576  0.95510
     12   2.57428  4.87384  4.16990  2.46831  2.65050  4.58996  4.07372  2.42817  4.39135  1.47975  2.60577  3.73921  4.95649  3.34776  4.49268  3.88876  3.68469  2.06132  2.94560  4.30783     12 - -
          2.68618  4.42225  2.77519  2.73123  3.46354  2.40513  3.72494  3.29354  2.67741  2.69355  4.24690  2.90347  2.73739  3.18146  2.89801  2.37887  2.77519  2.98518  4.58477  3.61503
          0.01493  5.90795  4.41474  0.61958  0.77255  0.48576  0.95510
     13   2.97746  5.86062  2.34407  2.14895  5.20704  2.95511  4.30694  4.69397  2.28161  4.16647  4.90093  2.39990  2.42266  2.71378  2.02974  2.62498  3.06800  3.77317  6.29249  4.88071     13 - -
          2.68618  4.42225  2.77519  2.73123  3.46354  2.40513  3.72494  3.29354  2.67741  2.69355  4.24690  2.90347  2.73739  3.18146  2.89801  2.37887  2.77519  2.98518  4.58477  3.61503
          0.11823  5.89712  2.21859  0.61958  0.77255  0.55841  0.84891
     14   2.54285  5.49855  2.22636  2.71783  3.22710  4.12353  4.32711  2.93705  2.84484  3.03357  2.79615  3.65316  3.01578  2.79665  1.98957  2.94316  3.24237  3.08046  3.37885  4.66402     14 - -
          2.68618  4.42225  2.77519  2.73123  3.46354  2.40513  3.72494  3.29354  2.67741  2.69355  4.24690  2.90347  2.73739  3.18146  2.89801  2.37887  2.77519  2.98518  4.58477  3.61503
          0.06311  5.78347  2.84585  0.61958  0.77255  0.62461  0.76673
     15   3.09831  5.78829  2.27633  2.25965  3.22338  4.05067  3.36592  4.61980  1.98015  3.07787  4.82887  1.89510  3.79065  3.03908  2.96891  2.46785  3.08458  3.26309  6.22080  4.80968     15 - -
          2.68618  4.42225  2.77519  2.73123  3.46354  2.40513  3.72494  3.29354  2.67741  2.69355  4.24690  2.90347  2.73739  3.18146  2.89801  2.37887  2.77519  2.98518  4.58477  3.61503
          0.20233  5.78494  1.71424  0.61958  0.77255  0.40209  1.10539
     16   2.88849  5.68896  3.21304  2.21427  5.01373  2.94827  4.19881  3.29052  2.31651  2.75766  4.73500  2.48876  3.24091  2.69140  3.43107  2.42827  2.44364  2.88655  3.39780  3.78108     16 - -
          2.68737  4.42267  2.77560  2.72932  3.46250  2.40616  3.72464  3.29133  2.67563  2.69274  4.23934  2.90496  2.73835  3.18341  2.89690  2.37913  2.77453  2.98688  4.58731  3.61757
          1.11424  0.46955  3.06722  1.57526  0.23187  1.07195  0.41907
     17   2.95162  5.72231  2.01054  1.77870  3.15115  3.56030  3.76633  3.48105  2.54644  2.50165  4.76367  3.03090  2.87646  2.81855  2.97803  3.00009  2.89034  4.11152  6.15659  4.74724     24 - -
          2.68618  4.42225  2.77519  2.73123  3.46354  2.40513  3.72494  3.29354  2.67741  2.69355  4.24690  2.90347  2.73739  3.18146  2.89801  2.37887  2.77519  2.98518  4.58477  3.61503
          0.00506  5.68543  6.40777  0.61958  0.77255  0.65139  0.73672
     18   2.87593  4.76345  5.26762  3.17542  1.45675  4.53845  4.86812  2.44964  4.45814  1.60609  2.66713  4.67651  4.90287  3.77529  3.50855  2.95274  3.60938  2.50461  3.75978  4.20639     25 - -
          2.68618  4.42225  2.77519  2.73123  3.46354  2.40513  3.72494  3.29354  2.67741  2.69355  4.24690  2.90347  2.73739  3.18146  2.89801  2.37887  2.77519  2.98518  4.58477  3.61503
          0.00454  5.79262  6.51496  0.61958  0.77255  0.41557  1.07871
     19   3.34693  5.86168  1.55747  1.93006  5.20745  3.44452  4.30551  4.69470  2.08488  3.30171  4.90255  2.07008  2.89819  3.40211  3.17578  2.66489  3.57853  4.25277  6.29352  4.88083     26 - -
          2.68618  4.42225  2.77519  2.73123  3.46354  2.40513  3.72494  3.29354  2.67741  2.69355  4.24690  2.90347  2.73739  3.18146  2.89801  2.37887  2.77519  2.98518  4.58477  3.61503
          0.00417  5.87683  6.59918  0.61958  0.77255  0.38110  1.14919
     20   2.97456  4.99793  5.57688  4.98112  4.13785  4.82934  5.20615  1.77904  4.78742  1.93266  4.13203  4.99106  1.59277  4.93533  4.82050  3.03849  3.87200  1.36307  5.70665  4.52668     27 - -
          2.68618  4.42225  2.77519  2.73123  3.46354  2.40513  3.72494  3.29354  2.67741  2.69355  4.24690  2.90347  2.73739  3.18146  2.89801  2.37887  2.77519  2.98518  4.58477  3.61503
          0.00405  5.90795  6.63030  0.61958  0.77255  0.48576  0.95510
     21   2.67357  3.59029  5.40352  3.66390  2.78806  2.70178  4.95886  2.59315  4.57863  0.94428  3.17542  4.78241  4.99016  4.71347  4.59359  3.21790  2.89071  2.60491  5.45829  4.28189     28 - -
          2.68618  4.42225  2.77519  2.73123  3.46354  2.40513  3.72494  3.29354  2.67741  2.69355  4.24690  2.90347  2.73739  3.18146  2.89801  2.37887  2.77519  2.98518  4.58477  3.61503
          0.00405  5.90795  6.63030  0.61958  0.77255  0.48576  0.95510
     22   3.03488  3.97826  2.39390  1.81504  5.20226  3.70955  3.48814  2.89940  2.07789  3.35018  4.90060  2.45676  4.52189  3.18626  3.06763  2.23363  3.58504  2.70235  6.29336  4.88373     29 - -
          2.68618  4.42225  2.77519  2.73123  3.46354  2.40513  3.72494  3.29354  2.67741  2.69355  4.24690  2.90347  2.73739  3.18146  2.89801  2.37887  2.77519  2.98518  4.58477  3.61503
          0.00405  5.90795  6.63030  0.61958  0.77255  0.48576  0.95510
     23   3.79175  5.15254  5.62238  5.05689  2.06615  2.92881  4.95414  3.07784  3.49196  2.35672  4.27215  4.99640  5.27113  4.95219  4.86218  4.23205  4.02207  3.41816  1.00136  2.04010     30 - -
          2.68618  4.42225  2.77519  2.73123  3.46354  2.40513  3.72494  3.29354  2.67741  2.69355  4.24690  2.90347  2.73739  3.18146  2.89801  2.37887  2.77519  2.98518  4.58477  3.61503
          0.00405  5.90795  6.63030  0.61958  0.77255  0.48576  0.95510
     24   3.58190  5.14867  3.57082  3.03723  2.92431  2.92993  4.82797  3.61503  4.10474  2.02255  4.25838  4.42968  4.97853  4.34789  4.37293  3.88662  3.81655  3.41417  0.79495  4.27474     31 - -
          2.68618  4.42225  2.77519  2.73123  3.46354  2.40513  3.72494  3.29354  2.67741  2.69355  4.24690  2.90347  2.73739  3.18146  2.89801  2.37887  2.77519  2.98518  4.58477  3.61503
          0.00405  5.90795  6.63030  0.61958  0.77255  0.48576  0.95510
     25   2.64376  5.85271  3.27527  2.70609  3.85891  4.13003  3.77517  2.97144  1.42626  4.15578  4.89472  3.29429  4.52338  2.47401  2.61223  1.95449  3.58550  2.77488  6.28847  4.88067     32 - -
          2.68559  4.42291  2.77585  2.73051  3.46342  2.40579  3.72166  3.29420  2.67729  2.69218  4.24756  2.90375  2.73773  3.18029  2.89867  2.37953  2.77493  2.98584  4.58543  3.61569
          0.36446  1.19038  6.63030  0.75574  0.63424  0.48576  0.95510
     26   2.72434  4.21634  2.88074  2.20253  4.10379  3.06950  4.31550  4.68834  2.25438  2.55641  4.90142  2.95427  3.26226  2.12231  2.68020  2.85606  2.86156  2.59353  6.29405  4.88416     36 - -
          2.68618  4.42225  2.77519  2.73123  3.46354  2.40513  3.72494  3.29354  2.67741  2.69355  4.24690  2.90347  2.73739  3.18146  2.89801  2.37887  2.77519  2.98518  4.58477  3.61503
          0.00405  5.90795  6.63030  0.61958  0.77255  0.48576  0.95510
     27   2.95101  5.82423  2.30767  2.69314  3.32282  4.13641  2.61601  4.62574  2.29253  3.03384  3.97778  1.58208  4.52946  3.42754  2.60071  3.32653  3.58710  3.18235  6.26749  3.10544     37 - -
          2.68618  4.42225  2.77519  2.73123  3.46354  2.40513  3.72494  3.29354  2.67741  2.69355  4.24690  2.90347  2.73739  3.18146  2.89801  2.37887  2.77519  2.98518  4.58477  3.61503
          0.00405  5.90795  6.63030  0.61958  0.77255  0.48576  0.95510
     28   3.06077  4.51239  3.26427  2.21421  5.20276  2.55674  2.54116  3.30651  2.47599  3.49395  4.90090  3.09352  4.52182  2.70397  2.60105  1.74035  2.92500  3.59597  4.35349  4.88388     38 - -
          2.68618  4.42225  2.77519  2.73123  3.46354  2.40513  3.72494  3.29354  2.67741  2.69355  4.24690  2.90347  2.73739  3.18146  2.89801  2.37887  2.77519  2.98518  4.58477  3.61503
          0.00405  5.90795  6.63030  0.61958  0.77255  0.48576  0.95510
     29   2.57623  4.63600  2.63212  2.68593  5.20147  2.38946  3.62071  3.90008  2.47132  3.18669  3.92495  2.31704  3.30233  2.85035  3.54392  1.90145  2.64664  3.42047  6.29296  4.88347     39 - -
          2.68618  4.42225  2.77519  2.73123  3.46354  2.40513  3.72494  3.29354  2.67741  2.69355  4.24690  2.90347  2.73739  3.18146  2.89801  2.37887  2.77519  2.98518  4.58477  3.61503
          0.00405  5.90795  6.63030  0.61958  0.77255  0.48576  0.95510
     30   3.35758  2.70807  3.26128  2.50536  3.39463  4.14262  4.33282  3.57774  1.81004  2.77260  4.84640  2.72445  4.53537  3.43904  1.66071  2.49506  3.03640  4.17357  6.24816  4.85496     40 - -
          2.68618  4.42225  2.77519  2.73123  3.46354  2.40513  3.72494  3.29354  2.67741  2.69355  4.24690  2.90347  2.73739  3.18146  2.89801  2.37887  2.77519  2.98518  4.58477  3.61503
          0.00405  5.90795  6.63030  0.61958  0.77255  0.48576  0.95510
     31   2.97184  3.46871  5.49462  4.89010  1.33788  4.71241  4.99248  2.62144  4.67708  2.90727  4.03065  4.86368  5.07442  4.80126  4.68482  4.02623  3.29732  3.14235  5.44996  1.07967     41 - -
          2.68618  4.42225  2.77519  2.73123  3.46354  2.40513  3.72494  3.29354  2.67741  2.69355  4.24690  2.90347  2.73739  3.18146  2.89801  2.37887  2.77519  2.98518  4.58477  3.61503
          0.00405  5.90795  6.63030  0.61958  0.77255  0.48576  0.95510
     32   2.64994  5.94490  3.08408  3.46748  5.39497  3.22995  4.81959  4.83391  2.98544  3.04774  5.22917  3.98551  0.55689  3.97844  4.14568  3.73556  4.00926  4.44696  6.63120  5.27191     42 - -
          2.68618  4.42225  2.77519  2.73123  3.46354  2.40513  3.72494  3.29354  2.67741  2.69355  4.24690  2.90347  2.73739  3.18146  2.89801  2.37887  2.77519  2.98518  4.58477  3.61503
          0.00405  5.90795  6.63030  0.61958  0.77255  0.48576  0.95510
     33   2.96717  3.26777  3.42963  2.73847  4.51018  4.29339  3.82083  2.18685  3.14363  2.27760  4.42429  1.90100  4.67851  3.74433  2.98681  2.67379  2.67619  2.36142  3.81614  4.60587     43 - -
          2.68618  4.42225  2.77519  2.73123  3.46354  2.40513  3.72494  3.29354  2.67741  2.69355  4.24690  2.90347  2.73739  3.18146  2.89801  2.37887  2.77519  2.98518  4.58477  3.61503
          0.00405  5.90795  6.63030  0.61958  0.77255  0.48576  0.95510
     34   3.03315  4.84859  5.38320  4.77153  3.93995  4.63184  3.01697  2.88550  4.56701  0.73643  3.19404  4.77881  4.99562  4.70723  4.59225  3.30303  2.79268  2.14947  5.47114  4.29445     44 - -
          2.68618  4.42225  2.77519  2.73123  3.46354  2.40513  3.72494  3.29354  2.67741  2.69355  4.24690  2.90347  2.73739  3.18146  2.89801  2.37887  2.77519  2.98518  4.58477  3.61503
          0.00405  5.90795  6.63030  0.61958  0.77255  0.48576  0.95510
     35   2.66700  3.87938  4.83609  4.25187  2.91839  4.53295  4.83064  3.39064  4.14281  2.46842  4.05271  4.48654  3.74187  3.07619  3.91502  1.18900  2.46559  3.19376  2.86804  2.59115     45 - -
          2.68618  4.42225  2.77519  2.73123  3.46354  2.40513  3.72494  3.29354  2.67741  2.69355  4.24690  2.90347  2.73739  3.18146  2.89801  2.37887  2.77519  2.98518  4.58477  3.61503
          0.00405  5.90795  6.63030  0.61958  0.77255  0.48576  0.95510
     36   2.65205  5.82095  3.62395  2.73904  5.14712  3.60915  3.95393  2.48863  1.46929  2.72541  3.93382  3.26131  4.53065  2.56864  1.99452  2.77295  3.58774  4.20140  6.26505  4.12862     46 - -
          2.68618  4.42225  2.77519  2.73123  3.46354  2.40513  3.72494  3.29354  2.67741  2.69355  4.24690  2.90347  2.73739  3.18146  2.89801  2.37887  2.77519  2.98518  4.58477  3.61503
          0.00405  5.90795  6.63030  0.61958  0.77255  0.48576  0.95510
     37   2.56587  4.87061  5.47950  4.86532  2.91125  4.67910  5.01644  1.74294  4.64964  1.47831  1.78588  4.84544  5.03947  4.77816  4.65454  3.47819  3.31469  1.99299  5.50274  4.32812     47 - -
          2.68618  4.42225  2.77519  2.73123  3.46354  2.40513  3.72494  3.29354  2.67741  2.69355  4.24690  2.90347  2.73739  3.18146  2.89801  2.37887  2.77519  2.98518  4.58477  3.61503
          0.00405  5.90795  6.63030  0.61958  0.77255  0.48576  0.95510
     38   0.91870  4.90634  4.98705  2.92287  3.16796  4.56280  4.87188  3.35087  4.26513  1.91595  4.02227  4.57389  4.93186  4.47263  4.42062  2.99036  3.37676  2.66031  5.51986  2.82640     48 - -
          2.68618  4.42225  2.77519  2.73123  3.46354  2.40513  3.72494  3.29354  2.67741  2.69355  4.24690  2.90347  2.73739  3.18146  2.89801  2.37887  2.77519  2.98518  4.58477  3.61503
          0.00405  5.90795  6.63030  0.61958  0.77255  0.48576  0.95510
     39   3.15294  3.47104  3.82755  3.26881  3.50400  4.22704  3.56628  2.85564  2.19030  2.90771  3.97108  2.45699  4.61565  2.84024  1.59293  2.54096  2.85049  3.54541  6.02141  3.67428     49 - -
          2.68618  4.42225  2.77519  2.73123  3.46354  2.40513  3.72494  3.29354  2.67741  2.69355  4.24690  2.90347  2.73739  3.18146  2.89801  2.37887  2.77519  2.98518  4.58477  3.61503
          0.00405  5.90795  6.63030  0.61958  0.77255  0.48576  0.95510
     40   3.16166  5.76199  1.39637  2.92172  5.06401  4.15255  4.34477  2.01002  2.64743  2.92350  4.81428  2.73795  4.54501  3.16683  2.50849  3.09981  3.59227  2.65761  6.22124  4.83801     50 - -
          2.68618  4.42225  2.77519  2.73123  3.46354  2.40513  3.72494  3.29354  2.67741  2.69355  4.24690  2.90347  2.73739  3.18146  2.89801  2.37887  2.77519  2.98518  4.58477  3.61503
          0.00405  5.90795  6.63030  0.61958  0.77255  0.48576  0.95510
     41   2.75492  4.98915  5.61897  5.00990  3.48530  4.83029  5.17438  1.52126  4.80000  1.52085  3.50337  4.99745  5.17802  4.92255  4.80512  4.14796  3.86533  1.46350  5.64187  2.30147     51 - -
          2.68618  4.42225  2.77519  2.73123  3.46354  2.40513  3.72494  3.29354  2.67741  2.69355  4.24690  2.90347  2.73739  3.18146  2.89801  2.37887  2.77519  2.98518  4.58477  3.61503
          0.00405  5.90795  6.63030  0.61958  0.77255  0.48576  0.95510
     42   2.62542  3.25319  5.47068  4.85727  2.69217  4.68052  3.98103  3.29185  4.64271  0.59824  3.46127  4.84059  5.03976  4.76847  4.64937  3.99276  3.74255  3.12214  3.86443  4.29177     52 - -
          2.68618  4.42225  2.77519  2.73123  3.46354  2.40513  3.72494  3.29354  2.67741  2.69355  4.24690  2.90347  2.73739  3.18146  2.89801  2.37887  2.77519  2.98518  4.58477  3.61503
          0.00405  5.90795  6.63030  0.61958  0.77255  0.48576  0.95510
     43   1.98656  2.54267  4.31408  2.71872  4.54102  3.54491  4.75525  2.48791  3.72865  3.61048  4.48637  4.16427  4.80759  4.03984  4.10680  1.30049  1.94122  3.64977  5.95596  4.70995     53 - -
          2.68618  4.42225  2.77519  2.73123  3.46354  2.40513  3.72494  3.29354  2.67741  2.69355  4.24690  2.90347  2.73739  3.18146  2.89801  2.37887  2.77519  2.98518  4.58477  3.61503
          0.00405  5.90795  6.63030  0.61958  0.77255  0.48576  0.95510
     44   3.45946  3.23468  5.41805  4.80307  3.92713  2.96300  4.96157  1.21371  4.58904  1.98919  3.09456  4.78902  4.99199  2.92158  4.59901  3.40404  2.89946  2.05668  3.22404  4.28075     54 - -
          2.68618  4.42225  2.77519  2.73123  3.46354  2.40513  3.72494  3.29354  2.67741  2.69355  4.24690  2.90347  2.73739  3.18146  2.89801  2.37887  2.77519  2.98518  4.58477  3.61503
          0.00405  5.90795  6.63030  0.61958  0.77255  0.48576  0.95510
     45   3.51381  5.03616  4.84611  4.27303  2.83413  4.58063  4.89696  3.45835  4.15875  2.45472  4.12014  4.52631  0.79571  2.50359  4.37862  3.86868  2.75349  2.81618  5.64200  4.43874     55 - -
          2.68618  4.42225  2.77519  2.73123  3.46354  2.40513  3.72494  3.29354  2.67741  2.69355  4.24690  2.90347  2.73739  3.18146  2.89801  2.37887  2.77519  2.98518  4.58477  3.61503
          0.00405  5.90795  6.63030  0.61958  0.77255  0.48576  0.95510
     46   1.93893  2.93818  5.43432  4.81952  3.30854  3.60631  4.97374  1.64331  4.60434  3.02999  2.78289  4.80190  5.00178  4.73545  4.61204  3.28471  3.25748  1.27628  5.46664  4.29058     56 - -
          2.68618  4.42225  2.77519  2.73123  3.46354  2.40513  3.72494  3.29354  2.67741  2.69355  4.24690  2.90347  2.73739  3.18146  2.89801  2.37887  2.77519  2.98518  4.58477  3.61503
          0.00405  5.90795  6.63030  0.61958  0.77255  0.48576  0.95510
     47   2.66384  4.21552  4.30662  3.74375  4.37026  4.38259  4.69005  3.73316  2.71827  3.10181  2.40400  4.14734  4.78972  4.00552  4.05723  1.13526  1.63897  3.49647  5.80519  4.56743     57 - -
          2.68618  4.42225  2.77519  2.73123  3.46354  2.40513  3.72494  3.29354  2.67741  2.69355  4.24690  2.90347  2.73739  3.18146  2.89801  2.37887  2.77519  2.98518  4.58477  3.61503
          0.00405  5.90795  6.63030  0.61958  0.77255  0.48576  0.95510
     48   3.17197  5.43854  3.88917  3.32943  4.63987  3.36847  4.46791  2.82380  2.73719  3.18495  4.52154  3.38102  4.64005  3.65577  2.80587  1.37752  1.56361  2.78054  5.96953  4.66778     58 - -
          2.68618  4.42225  2.77519  2.73123  3.46354  2.40513  3.72494  3.29354  2.67741  2.69355  4.24690  2.90347  2.73739  3.18146  2.89801  2.37887  2.77519  2.98518  4.58477  3.61503
          0.00405  5.90795  6.63030  0.61958  0.77255  0.48576  0.95510
     49   1.25373  3.74408  5.40954  4.79516  2.78776  3.81012  4.96019  3.01989  4.58304  2.71904  3.60471  4.78526  4.99108  4.71681  4.59600  2.94962  3.14474  1.32505  5.45794  3.33532     59 - -
          2.68618  4.42225  2.77519  2.73123  3.46354  2.40513  3.72494  3.29354  2.67741  2.69355  4.24690  2.90347  2.73739  3.18146  2.89801  2.37887  2.77519  2.98518  4.58477  3.61503
          0.00405  5.90795  6.63030  0.61958  0.77255  0.48576  0.95510
     50   1.51078  5.84168  3.61367  1.96364  5.17668  4.13343  4.32223  4.65539  3.06129  4.14293  4.88558  2.54566  3.83836  2.65534  3.55234  1.78250  2.62090  3.34111  6.28110  4.06047     60 - -
          2.68618  4.42225  2.77519  2.73123  3.46354  2.40513  3.72494  3.29354  2.67741  2.69355  4.24690  2.90347  2.73739  3.18146  2.89801  2.37887  2.77519  2.98518  4.58477  3.61503
          0.00405  5.90795  6.63030  0.61958  0.77255  0.48576  0.95510
     51   2.13629  2.94641  2.81183  3.28723  4.07043  4.23362  4.44769  4.10743  3.27639  3.12516  4.56946  2.69875  2.70240  3.62050  3.72757  1.37850  2.40455  3.19016  6.01186  4.69808     61 - -
          2.68637  4.41967  2.77503  2.73113  3.46373  2.40465  3.72514  3.29373  2.67760  2.69285  4.24709  2.90366  2.73759  3.18166  2.89820  2.37906  2.77539  2.98538  4.58496  3.61522
          0.14642  2.00330  6.63030  0.39757  1.11459  0.48576  0.95510
     52   2.63408  5.91396  2.97065  0.65724  5.25285  4.16012  3.72385  4.73728  3.11165  4.21667  4.95850  3.62803  4.56594  3.46584  3.02511  3.01759  3.28222  4.30176  6.34916  4.05143     64 - -
          2.68618  4.42225  2.77519  2.73123  3.46354  2.40513  3.72494  3.29354  2.67741  2.69355  4.24690  2.90347  2.73739  3.18146  2.89801  2.37887  2.77519  2.98518  4.58477  3.61503
          0.00405  5.90795  6.63030  0.61958  0.77255  0.48576  0.95510
     53   3.36187  5.86673  3.01890  2.83944  5.21079  4.13497  4.32089  4.69464  2.29272  4.17065  4.90805  2.83277  4.52845  3.41804  1.18046  1.66240  3.17790  4.25692  4.07065  4.17856     65 - -
          2.68618  4.42225  2.77519  2.73123  3.46354  2.40513  3.72494  3.29354  2.67741  2.69355  4.24690  2.90347  2.73739  3.18146  2.89801  2.37887  2.77519  2.98518  4.58477  3.61503
          0.00405  5.90795  6.63030  0.61958  0.77255  0.48576  0.95510
     54   1.83827  4.96844  4.72449  4.14448  3.43150  4.50899  4.79846  3.10373  4.05092  2.58456  4.08097  2.57994  4.88115  3.35411  4.28756  1.56260  2.64903  1.93603  5.57377  3.15593     66 - -
          2.68618  4.42225  2.77519  2.73123  3.46354  2.40513  3.72494  3.29354  2.67741  2.69355  4.24690  2.90347  2.73739  3.18146  2.89801  2.37887  2.77519  2.98518  4.58477  3.61503
          0.03729  5.90795  3.38464  0.61958  0.77255  0.48576  0.95510
     55   3.49880  4.89322  5.30397  3.19369  0.68844  4.64488  4.91291  2.90473  4.52111  2.40932  4.01084  3.68467  5.00833  4.67286  4.57768  3.95092  3.16559  3.14436  3.60366  3.21478     67 - -
          2.68618  4.42225  2.77519  2.73123  3.46354  2.40513  3.72494  3.29354  2.67741  2.69355  4.24690  2.90347  2.73739  3.18146  2.89801  2.37887  2.77519  2.98518  4.58477  3.61503
          0.00418  5.87484  6.59719  0.61958  0.77255  0.37602  1.16024
     56   3.37680  4.24680  2.98530  2.33630  5.21055  3.47634  4.33985  4.69225  3.08191  4.17554  4.91709  2.90476  3.82445  2.93502  3.57501  0.80362  3.60925  3.34041  6.31059  4.90241     68 - -
          2.68618  4.42225  2.77519  2.73123  3.46354  2.40513  3.72494  3.29354  2.67741  2.69355  4.24690  2.90347  2.73739  3.18146  2.89801  2.37887  2.77519  2.98518  4.58477  3.61503
          0.00405  5.90795  6.63030  0.61958  0.77255  0.48576  0.95510
     57   2.03210  5.72643  3.67362  2.80171  5.01544  2.50139  4.35435  2.78310  2.12791  3.02946  4.12137  3.11862  3.02744  2.95962  3.59701  2.77575  1.90788  3.22062  6.19422  4.81988     69 - -
          2.68618  4.42225  2.77519  2.73123  3.46354  2.40513  3.72494  3.29354  2.67741  2.69355  4.24690  2.90347  2.73739  3.18146  2.89801  2.37887  2.77519  2.98518  4.58477  3.61503
          0.02650  5.90795  3.75364  0.61958  0.77255  0.48576  0.95510
     58   2.12477  4.08562  3.14873  2.80228  3.49803  2.19571  4.44984  2.86001  2.72855  1.82168  3.52329  3.80824  3.45462  3.63646  2.94600  2.59546  2.99832  3.73753  5.95623  4.65336     70 - -
          2.68683  4.42290  2.77584  2.73095  3.46419  2.40577  3.72453  3.29343  2.67594  2.69269  4.24754  2.90360  2.73765  3.18165  2.89739  2.37892  2.77584  2.98405  4.58542  3.61568
          0.49289  1.08879  2.94664  0.66235  0.72492  0.40535  1.09884
     59   2.39429  5.34806  3.90945  3.34887  4.53489  1.67712  3.69530  2.63636  2.51784  2.22700  4.43461  3.83611  4.00885  3.06725  3.06604  2.77390  3.15019  2.26899  5.88894  4.60019     73 - -
          2.68618  4.42225  2.77519  2.73123  3.46354  2.40513  3.72494  3.29354  2.67741  2.69355  4.24690  2.90347  2.73739  3.18146  2.89801  2.37887  2.77519  2.98518  4.58477  3.61503
          0.00426  5.85662  6.57897  0.61958  0.77255  0.33556  1.25505
     60   3.37386  5.87915  3.62543  2.53907  5.22684  3.78365  3.83214  4.70990  1.30528  3.37596  4.92021  2.54861  3.69211  2.76313  1.63016  3.33634  3.60381  2.95908  6.30758  4.90179     74 - -
          2.68618  4.42225  2.77519  2.73123  3.46354  2.40513  3.72494  3.29354  2.67741  2.69355  4.24690  2.90347  2.73739  3.18146  2.89801  2.37887  2.77519  2.98518  4.58477  3.61503
          0.00405  5.90795  6.63030  0.61958  0.77255  0.48576  0.95510
     61   2.77731  5.18312  4.20780  2.67655  4.32832  4.36771  3.44281  2.46790  3.32123  2.06962  3.04468  3.20724  4.74864  3.60420  3.46457  2.40052  2.24369  1.72901  5.75775  4.51341     75 - -
          2.68618  4.42225  2.77519  2.73123  3.46354  2.40513  3.72494  3.29354  2.67741  2.69355  4.24690  2.90347  2.73739  3.18146  2.89801  2.37887  2.77519  2.98518  4.58477  3.61503
          0.00405  5.90795  6.63030  0.61958  0.77255  0.48576  0.95510
     62   3.45933  3.89613  5.42408  4.80864  3.27356  4.62873  3.54793  1.72550  3.48496  1.51233  2.90818  4.79152  4.02592  4.72421  4.60098  3.38590  3.11004  2.33237  5.45579  1.89261     76 - -
          2.68618  4.42225  2.77519  2.73123  3.46354  2.40513  3.72494  3.29354  2.67741  2.69355  4.24690  2.90347  2.73739  3.18146  2.89801  2.37887  2.77519  2.98518  4.58477  3.61503
          0.00405  5.90795  6.63030  0.61958  0.77255  0.48576  0.95510
     63   3.36013  5.75541  2.08976  2.80343  3.81175  4.15295  4.34546  4.51059  2.49093  1.79187  4.80824  2.62360  3.44947  3.45870  3.58465  2.02071  2.34830  4.12153  3.83206  3.54533     77 - -
          2.68618  4.42225  2.77519  2.73123  3.46354  2.40513  3.72494  3.29354  2.67741  2.69355  4.24690  2.90347  2.73739  3.18146  2.89801  2.37887  2.77519  2.98518  4.58477  3.61503
          0.00405  5.90795  6.63030  0.61958  0.77255  0.48576  0.95510
     64   2.99991  3.97980  2.37157  1.84214  5.21324  4.12687  2.97759  4.70004  2.29877  3.46151  4.90732  3.15336  2.45981  2.77291  1.85944  3.10042  3.12346  4.25825  6.29893  4.88727     78 - -
          2.68618  4.42225  2.77519  2.73123  3.46354  2.40513  3.72494  3.29354  2.67741  2.69355  4.24690  2.90347  2.73739  3.18146  2.89801  2.37887  2.77519  2.98518  4.58477  3.61503
          0.00405  5.90795  6.63030  0.61958  0.77255  0.48576  0.95510
     65   3.05172  5.84466  3.61177  2.83030  2.78783  4.13183  2.64876  4.66095  2.49917  3.19288  4.88761  2.23811  3.02781  2.94110  2.35753  1.95330  3.22998  4.23064  6.28256  2.59082     79 - -
          2.68618  4.42225  2.77519  2.73123  3.46354  2.40513  3.72494  3.29354  2.67741  2.69355  4.24690  2.90347  2.73739  3.18146  2.89801  2.37887  2.77519  2.98518  4.58477  3.61503
          0.00405  5.90795  6.63030  0.61958  0.77255  0.48576  0.95510
     66   3.37356  5.62199  3.74629  3.18811  3.08070  3.45241  4.39358  3.69371  2.22901  3.88637  4.68857  3.71297  4.58441  2.82167  1.22257  2.68608  1.99200  3.53588  4.24885  4.76831     80 - -
          2.68618  4.42225  2.77519  2.73123  3.46354  2.40513  3.72494  3.29354  2.67741  2.69355  4.24690  2.90347  2.73739  3.18146  2.89801  2.37887  2.77519  2.98518  4.58477  3.61503
          0.00405  5.90795  6.63030  0.61958  0.77255  0.48576  0.95510
     67   3.43382  4.99625  4.63299  4.05605  4.11032  4.48777  4.77004  2.41569  3.97402  2.64836  1.91501  1.86442  3.67103  4.23399  2.62768  1.95734  2.79090  2.61189  5.59792  3.70043     81 - -
          2.68618  4.42225  2.77519  2.73123  3.46354  2.40513  3.72494  3.29354  2.67741  2.69355  4.24690  2.90347  2.73739  3.18146  2.89801  2.37887  2.77519  2.98518  4.58477  3.61503
          0.00405  5.90795  6.63030  0.61958  0.77255  0.48576  0.95510
     68   3.35913  2.54112  3.61065  2.51175  5.20563  2.75470  4.31954  4.68912  2.52852  4.16633  4.90403  3.60192  3.82255  2.65260  1.69673  1.64871  2.73076  4.25213  6.29583  4.88764     82 - -
          2.68618  4.42225  2.77519  2.73123  3.46354  2.40513  3.72494  3.29354  2.67741  2.69355  4.24690  2.90347  2.73739  3.18146  2.89801  2.37887  2.77519  2.98518  4.58477  3.61503
          0.00405  5.90795  6.63030  0.61958  0.77255  0.48576  0.95510
     69   3.45755  3.72541  2.12305  3.61882  4.07628  4.53538  4.82780  2.05166  4.09715  1.20676  2.57218  4.45840  4.90591  2.24306  4.32313  3.81318  3.68944  3.22216  5.58223  4.38481     83 - -
          2.68618  4.42225  2.77519  2.73123  3.46354  2.40513  3.72494  3.29354  2.67741  2.69355  4.24690  2.90347  2.73739  3.18146  2.89801  2.37887  2.77519  2.98518  4.58477  3.61503
          0.00405  5.90795  6.63030  0.61958  0.77255  0.48576  0.95510
     70   2.80804  5.86699  2.36500  1.62541  5.21320  3.15165  4.31394  4.69998  2.04807  2.35333  4.90736  3.18024  3.53876  2.80567  2.86542  3.01145  2.48726  4.25824  6.29900  4.88735     84 - -
          2.68618  4.42225  2.77519  2.73123  3.46354  2.40513  3.72494  3.29354  2.67741  2.69355  4.24690  2.90347  2.73739  3.18146  2.89801  2.37887  2.77519  2.98518  4.58477  3.61503
          0.00405  5.90795  6.63030  0.61958  0.77255  0.48576  0.95510
     71   3.07931  5.82721  2.94704  3.06416  3.75385  3.39426  2.87436  3.04964  2.54426  3.36394  4.87214  3.60961  1.85366  2.76330  1.88751  2.40069  3.20353  4.20914  6.26969  3.73036     85 - -
          2.68618  4.42225  2.77519  2.73123  3.46354  2.40513  3.72494  3.29354  2.67741  2.69355  4.24690  2.90347  2.73739  3.18146  2.89801  2.37887  2.77519  2.98518  4.58477  3.61503
          0.00405  5.90795  6.63030  0.61958  0.77255  0.48576  0.95510
     72   2.99996  5.86304  2.49086  1.92221  5.20755  3.24411  3.66269  4.69313  2.18008  1.91938  4.90384  3.59538  4.52115  2.74623  3.15843  2.04790  3.16049  3.79000  6.29605  3.47504     86 - -
          2.68618  4.42225  2.77519  2.73123  3.46354  2.40513  3.72494  3.29354  2.67741  2.69355  4.24690  2.90347  2.73739  3.18146  2.89801  2.37887  2.77519  2.98518  4.58477  3.61503
          0.00405  5.90795  6.63030  0.61958  0.77255  0.48576  0.95510
     73   3.12267  5.31721  4.01653  3.45468  4.48940  4.30124  3.63725  2.64206  3.13447  3.05517  2.75633  1.66352  4.68594  3.76132  3.14560  1.83920  1.96130  3.04838  5.86969  4.59582     87 - -
          2.68618  4.42225  2.77519  2.73123  3.46354  2.40513  3.72494  3.29354  2.67741  2.69355  4.24690  2.90347  2.73739  3.18146  2.89801  2.37887  2.77519  2.98518  4.58477  3.61503
          0.00405  5.90795  6.63030  0.61958  0.77255  0.48576  0.95510
     74   2.70839  5.06057  2.69934  3.88430  4.18461  2.67345  4.70991  2.84346  3.82278  1.89290  4.16815  2.80012  4.81864  4.10541  3.46701  3.17003  3.26902  1.39739  5.65343  2.94918     88 - -
          2.68618  4.42225  2.77519  2.73123  3.46354  2.40513  3.72494  3.29354  2.67741  2.69355  4.24690  2.90347  2.73739  3.18146  2.89801  2.37887  2.77519  2.98518  4.58477  3.61503
          0.00405  5.90795  6.63030  0.61958  0.77255  0.48576  0.95510
     75   3.06115  3.24730  2.61617  1.77622  5.20849  3.56089  4.31543  4.69412  2.69103  2.10152  4.90478  2.68865  3.62164  1.99802  3.54323  2.23033  3.58563  4.25431  6.29695  4.88624     89 - -
          2.68618  4.42225  2.77519  2.73123  3.46354  2.40513  3.72494  3.29354  2.67741  2.69355  4.24690  2.90347  2.73739  3.18146  2.89801  2.37887  2.77519  2.98518  4.58477  3.61503
          0.00405  5.90795  6.63030  0.61958  0.77255  0.48576  0.95510
     76   1.09674  5.75804  2.47044  2.81327  3.97459  4.15228  4.34461  4.51492  2.37011  2.77139  3.50029  3.63930  4.54458  2.83602  3.38813  2.70173  3.35279  3.43205  6.21810  4.83548     90 - -
          2.68618  4.42225  2.77519  2.73123  3.46354  2.40513  3.72494  3.29354  2.67741  2.69355  4.24690  2.90347  2.73739  3.18146  2.89801  2.37887  2.77519  2.98518  4.58477  3.61503
          0.00405  5.90795  6.63030  0.61958  0.77255  0.48576  0.95510
     77   3.09700  3.83123  5.38589  4.77304  3.93145  4.62390  3.68177  1.92300  4.56590  0.85090  3.15793  3.93046  4.98796  3.66514  4.58693  3.38252  3.69072  2.84194  5.46013  2.88852     91 - -
          2.68618  4.42225  2.77519  2.73123  3.46354  2.40513  3.72494  3.29354  2.67741  2.69355  4.24690  2.90347  2.73739  3.18146  2.89801  2.37887  2.77519  2.98518  4.58477  3.61503
          0.00405  5.90795  6.63030  0.61958  0.77255  0.48576  0.95510
     78   2.93291  4.84587  5.33885  3.81251  3.11230  4.61834  4.94753  1.93671  2.94533  1.55498  2.01803  4.75311  4.98281  3.37646  4.56964  3.92600  2.68201  1.94103  5.46650  4.28859     92 - -
          2.68618  4.42225  2.77519  2.73123  3.46354  2.40513  3.72494  3.29354  2.67741  2.69355  4.24690  2.90347  2.73739  3.18146  2.89801  2.37887  2.77519  2.98518  4.58477  3.61503
          0.00405  5.90795  6.63030  0.61958  0.77255  0.48576  0.95510
     79   2.47863  1.39899  5.28389  4.67787  1.58223  3.74483  4.93720  2.97565  4.49215  2.86043  3.97271  3.23437  4.97560  4.64893  4.54863  2.60938  3.68916  2.88056  5.47376  2.90042     93 - -
          2.68618  4.42225  2.77519  2.73123  3.46354  2.40513  3.72494  3.29354  2.67741  2.69355  4.24690  2.90347  2.73739  3.18146  2.89801  2.37887  2.77519  2.98518  4.58477  3.61503
          0.00405  5.90795  6.63030  0.61958  0.77255  0.48576  0.95510
     80   2.37456  4.83995  5.37855  4.76621  3.93263  4.62303  4.95432  1.68355  4.56070  1.73037  3.09947  4.77106  3.02246  3.80040  4.58430  2.68510  2.16109  2.07114  4.01659  4.28413     94 - -
          2.68618  4.42225  2.77519  2.73123  3.46354  2.40513  3.72494  3.29354  2.67741  2.69355  4.24690  2.90347  2.73739  3.18146  2.89801  2.37887  2.77519  2.98518  4.58477  3.61503
          0.00405  5.90795  6.63030  0.61958  0.77255  0.48576  0.95510
     81   3.35528  5.86875  2.73582  1.54491  3.83010  4.12811  3.14435  4.70194  2.04313  4.17447  4.90913  2.19468  4.52176  2.25765  2.18415  3.31695  3.58640  4.26013  6.30047  3.79984     95 - -
          2.68618  4.42225  2.77519  2.73123  3.46354  2.40513  3.72494  3.29354  2.67741  2.69355  4.24690  2.90347  2.73739  3.18146  2.89801  2.37887  2.77519  2.98518  4.58477  3.61503
          0.00405  5.90795  6.63030  0.61958  0.77255  0.48576  0.95510
     82   3.10128  5.86308  2.00623  2.65785  3.41425  3.16305  3.67815  3.06405  2.59152  3.45006  4.90388  2.79380  4.52111  1.91522  2.47085  2.30452  3.26289  4.25343  6.29608  3.56459     96 - -
          2.68618  4.42225  2.77519  2.73123  3.46354  2.40513  3.72494  3.29354  2.67741  2.69355  4.24690  2.90347  2.73739  3.18146  2.89801  2.37887  2.77519  2.98518  4.58477  3.61503
          0.00405  5.90795  6.63030  0.61958  0.77255  0.48576  0.95510
     83   2.78952  5.83066  2.48366  2.41108  4.16644  3.46733  4.32370  4.63668  2.47328  3.57501  3.91167  1.98102  4.52817  2.99150  3.55458  3.32493  3.58684  4.21335  1.44284  4.00468     97 - -
          2.68618  4.42225  2.77519  2.73123  3.46354  2.40513  3.72494  3.29354  2.67741  2.69355  4.24690  2.90347  2.73739  3.18146  2.89801  2.37887  2.77519  2.98518  4.58477  3.61503
          0.00405  5.90795  6.63030  0.61958  0.77255  0.48576  0.95510
     84   3.03630  4.83712  5.39978  3.96082  3.03779  4.62569  4.95806  1.78865  4.57590  1.17929  2.32349  4.78065  3.95451  3.75565  4.59211  2.75419  3.39841  2.60429  5.45854  3.31206     98 - -
          2.68618  4.42225  2.77519  2.73123  3.46354  2.40513  3.72494  3.29354  2.67741  2.69355  4.24690  2.90347  2.73739  3.18146  2.89801  2.37887  2.77519  2.98518  4.58477  3.61503
          0.00273  5.90663        *  0.61958  0.77255  0.00000        *
//
