HMMER3/b [3.0b2 | June 2009]
NAME  RVT_thumb
ACC   PF06817.7
DESC  Reverse transcriptase thumb domain
LENG  70
ALPH  amino
RF    no
CS    no
MAP   yes
DATE  Tue Sep  8 11:53:57 2009
NSEQ  41
EFFN  2.900330
CKSUM 2556328774
GA    20.70 20.70;
TC    20.70 20.70;
NC    20.60 20.60;
BM    hmmbuild HMM.ann SEED.ann
SM    hmmsearch -Z 9421015 -E 1000 HMM pfamseq
STATS LOCAL MSV       -9.0778  0.71874
STATS LOCAL VITERBI   -9.3019  0.71874
STATS LOCAL FORWARD   -4.4005  0.71874
HMM          A        C        D        E        F        G        H        I        K        L        M        N        P        Q        R        S        T        V        W        Y   
            m->m     m->i     m->d     i->m     i->i     d->m     d->d
  COMPO   2.66830  4.44950  3.17843  2.54768  3.85989  2.97220  3.95836  2.74568  2.36975  2.23826  3.79112  3.00136  3.57689  2.78989  2.97890  2.87064  2.74545  2.76312  3.64026  3.88390
          2.68618  4.42225  2.77519  2.73123  3.46354  2.40513  3.72494  3.29354  2.67741  2.69355  4.24690  2.90347  2.73739  3.18146  2.89801  2.37887  2.77519  2.98518  4.58477  3.61503
          0.01112  4.90061  5.62296  0.61958  0.77255  0.00000        *
      1   3.19229  5.55956  3.50808  2.88613  4.98190  3.57013  3.48959  4.39040  0.96292  3.81955  4.61176  2.92305  4.26851  2.86447  2.02240  3.15746  3.05918  3.99827  5.88297  4.60136      1 - -
          2.68618  4.42225  2.77519  2.73123  3.46354  2.40513  3.72494  3.29354  2.67741  2.69355  4.24690  2.90347  2.73739  3.18146  2.89801  2.37887  2.77519  2.98518  4.58477  3.61503
          0.01112  4.90061  5.62296  0.61958  0.77255  0.48576  0.95510
      2   3.97665  5.30127  5.36950  4.97876  3.15152  4.85978  4.66100  2.09426  4.62749  2.71638  4.06190  4.91367  5.23745  4.84603  4.67986  4.35258  4.24208  3.25293  0.58977  3.26250      2 - -
          2.68618  4.42225  2.77519  2.73123  3.46354  2.40513  3.72494  3.29354  2.67741  2.69355  4.24690  2.90347  2.73739  3.18146  2.89801  2.37887  2.77519  2.98518  4.58477  3.61503
          0.01112  4.90061  5.62296  0.61958  0.77255  0.48576  0.95510
      3   2.94523  5.39584  3.20472  2.24767  4.75213  3.70000  3.85017  4.21123  1.78536  3.68472  4.44303  3.17323  4.08952  2.59818  2.34421  2.75707  1.64613  3.79458  5.80301  4.43410      3 - -
          2.68618  4.42225  2.77519  2.73123  3.46354  2.40513  3.72494  3.29354  2.67741  2.69355  4.24690  2.90347  2.73739  3.18146  2.89801  2.37887  2.77519  2.98518  4.58477  3.61503
          0.01112  4.90061  5.62296  0.61958  0.77255  0.48576  0.95510
      4   2.87098  4.26578  4.70136  4.09576  2.62185  4.02736  4.35323  1.82518  3.90987  1.91978  3.37999  3.19085  3.30387  4.06603  3.96559  3.33320  3.10323  1.63938  4.88638  3.16763      4 - -
          2.68618  4.42225  2.77519  2.73123  3.46354  2.40513  3.72494  3.29354  2.67741  2.69355  4.24690  2.90347  2.73739  3.18146  2.89801  2.37887  2.77519  2.98518  4.58477  3.61503
          0.01112  4.90061  5.62296  0.61958  0.77255  0.48576  0.95510
      5   2.98873  5.65237  2.88945  2.20874  5.00256  3.71636  4.06416  4.48399  2.85902  3.97073  4.76126  2.76654  4.22366  0.92547  3.33727  2.71912  3.42686  4.06108  6.11143  4.69149      5 - -
          2.68618  4.42225  2.77519  2.73123  3.46354  2.40513  3.72494  3.29354  2.67741  2.69355  4.24690  2.90347  2.73739  3.18146  2.89801  2.37887  2.77519  2.98518  4.58477  3.61503
          0.01112  4.90061  5.62296  0.61958  0.77255  0.48576  0.95510
      6   2.91099  5.32642  3.18081  2.48775  4.68725  3.67273  3.83152  4.15519  1.36918  3.64386  4.39458  3.15076  2.21503  2.75842  2.65677  2.72852  2.79420  3.74510  5.72928  4.39163      6 - -
          2.68618  4.42225  2.77519  2.73123  3.46354  2.40513  3.72494  3.29354  2.67741  2.69355  4.24690  2.90347  2.73739  3.18146  2.89801  2.37887  2.77519  2.98518  4.58477  3.61503
          0.01112  4.90061  5.62296  0.61958  0.77255  0.48576  0.95510
      7   2.50412  4.43171  3.97112  3.39995  3.55912  3.88394  3.04740  1.43987  2.87247  2.64659  3.09738  3.72771  4.25458  3.59409  3.03808  3.15240  2.71683  2.33179  5.01738  3.82574      7 - -
          2.68618  4.42225  2.77519  2.73123  3.46354  2.40513  3.72494  3.29354  2.67741  2.69355  4.24690  2.90347  2.73739  3.18146  2.89801  2.37887  2.77519  2.98518  4.58477  3.61503
          0.01112  4.90061  5.62296  0.61958  0.77255  0.48576  0.95510
      8   2.88986  5.33208  3.13537  1.89597  4.66206  3.65502  3.83738  4.12404  1.88159  3.62346  4.38200  3.13247  4.05141  1.82082  3.00798  2.86211  2.76572  2.61227  5.76797  4.38323      8 - -
          2.68618  4.42225  2.77519  2.73123  3.46354  2.40513  3.72494  3.29354  2.67741  2.69355  4.24690  2.90347  2.73739  3.18146  2.89801  2.37887  2.77519  2.98518  4.58477  3.61503
          0.01112  4.90061  5.62296  0.61958  0.77255  0.48576  0.95510
      9   4.20701  5.38122  6.14018  5.60502  3.60917  5.67129  6.01552  1.55328  5.46390  0.54124  3.34427  5.84425  5.64889  5.33132  5.41651  5.11726  4.41804  2.73151  5.91456  4.95581      9 - -
          2.68618  4.42225  2.77519  2.73123  3.46354  2.40513  3.72494  3.29354  2.67741  2.69355  4.24690  2.90347  2.73739  3.18146  2.89801  2.37887  2.77519  2.98518  4.58477  3.61503
          0.01112  4.90061  5.62296  0.61958  0.77255  0.48576  0.95510
     10   2.90058  5.36436  2.48698  2.33936  4.69451  3.64702  3.84803  3.71299  2.34856  3.65856  4.41392  3.12054  1.51903  2.95443  2.38613  2.86713  3.13206  3.74791  5.80057  4.40469     10 - -
          2.68618  4.42225  2.77519  2.73123  3.46354  2.40513  3.72494  3.29354  2.67741  2.69355  4.24690  2.90347  2.73739  3.18146  2.89801  2.37887  2.77519  2.98518  4.58477  3.61503
          0.01112  4.90061  5.62296  0.61958  0.77255  0.48576  0.95510
     11   2.75112  5.25010  2.59574  1.58736  4.60818  3.60480  3.79153  2.76859  2.09005  3.59705  3.59400  2.83990  3.47466  2.75496  3.02964  2.80152  3.06159  3.67977  5.66053  4.32717     11 - -
          2.68618  4.42225  2.77519  2.73123  3.46354  2.40513  3.72494  3.29354  2.67741  2.69355  4.24690  2.90347  2.73739  3.18146  2.89801  2.37887  2.77519  2.98518  4.58477  3.61503
          0.01112  4.90061  5.62296  0.61958  0.77255  0.48576  0.95510
     12   2.83824  5.22307  2.46841  2.51828  4.51956  3.63259  3.82513  3.08783  1.63558  2.76453  3.84397  3.12209  2.99856  2.56262  2.97537  2.82643  3.06935  3.16654  5.68577  4.30672     12 - -
          2.68618  4.42225  2.77519  2.73123  3.46354  2.40513  3.72494  3.29354  2.67741  2.69355  4.24690  2.90347  2.73739  3.18146  2.89801  2.37887  2.77519  2.98518  4.58477  3.61503
          0.01112  4.90061  5.62296  0.61958  0.77255  0.48576  0.95510
     13   2.75216  5.32189  1.97741  1.79867  4.67729  3.61002  3.80267  4.16721  1.86914  3.65004  4.38346  3.08074  4.00552  2.66694  3.03710  2.81043  2.71027  3.31602  5.74000  4.36592     13 - -
          2.68628  4.42235  2.77521  2.73076  3.46364  2.40486  3.72505  3.29364  2.67751  2.69344  4.24700  2.90357  2.73750  3.18140  2.89811  2.37897  2.77518  2.98529  4.58487  3.61513
          0.21517  1.73088  4.10617  0.51931  0.90370  0.48576  0.95510
     14   2.70010  5.22753  2.97070  2.02237  4.55371  3.61291  3.49085  3.80964  2.30786  2.65450  4.29558  2.70526  4.00272  2.60834  3.04217  2.27516  2.65078  2.61096  5.66409  4.30953     16 - -
          2.68618  4.42225  2.77519  2.73123  3.46354  2.40513  3.72494  3.29354  2.67741  2.69355  4.24690  2.90347  2.73739  3.18146  2.89801  2.37887  2.77519  2.98518  4.58477  3.61503
          0.01126  4.88767  5.61001  0.61958  0.77255  0.46608  0.98740
     15   2.84760  4.61963  3.62433  3.06139  3.77799  3.46174  4.03542  2.52407  2.56694  2.85106  3.73006  3.49114  2.59222  2.83445  3.39203  3.03628  2.77453  2.60165  1.91974  3.95427     17 - -
          2.68618  4.42225  2.77519  2.73123  3.46354  2.40513  3.72494  3.29354  2.67741  2.69355  4.24690  2.90347  2.73739  3.18146  2.89801  2.37887  2.77519  2.98518  4.58477  3.61503
          0.01112  4.90061  5.62296  0.61958  0.77255  0.48576  0.95510
     16   2.84703  4.69186  3.88900  3.41999  4.24094  3.66234  4.38916  3.61567  3.33665  3.02103  4.19184  3.72038  3.41793  3.68432  3.66491  2.81919  0.73350  3.29071  5.59138  4.40031     18 - -
          2.68618  4.42225  2.77519  2.73123  3.46354  2.40513  3.72494  3.29354  2.67741  2.69355  4.24690  2.90347  2.73739  3.18146  2.89801  2.37887  2.77519  2.98518  4.58477  3.61503
          0.01112  4.90061  5.62296  0.61958  0.77255  0.48576  0.95510
     17   3.11838  4.50281  4.85554  4.30392  3.62222  4.28065  4.69319  2.49465  4.12226  1.42045  3.58396  4.40092  4.65104  4.32973  4.22575  3.26123  3.36966  1.01970  5.23090  4.06416     19 - -
          2.68618  4.42225  2.77519  2.73123  3.46354  2.40513  3.72494  3.29354  2.67741  2.69355  4.24690  2.90347  2.73739  3.18146  2.89801  2.37887  2.77519  2.98518  4.58477  3.61503
          0.01112  4.90061  5.62296  0.61958  0.77255  0.48576  0.95510
     18   3.10909  5.30869  2.84368  2.77741  4.60607  3.72163  4.12206  4.12240  2.97124  3.71875  3.79083  0.76358  4.23674  3.30118  3.42285  3.11623  3.38667  3.76875  5.83185  4.48766     20 - -
          2.68618  4.42225  2.77519  2.73123  3.46354  2.40513  3.72494  3.29354  2.67741  2.69355  4.24690  2.90347  2.73739  3.18146  2.89801  2.37887  2.77519  2.98518  4.58477  3.61503
          0.01112  4.90061  5.62296  0.61958  0.77255  0.48576  0.95510
     19   2.86796  5.31591  1.42075  2.09746  4.68303  3.61226  3.81400  3.73914  2.17869  3.66621  4.39662  2.92859  4.01270  2.54170  3.05719  2.82891  3.09940  3.75111  5.71885  4.37601     21 - -
          2.68618  4.42225  2.77519  2.73123  3.46354  2.40513  3.72494  3.29354  2.67741  2.69355  4.24690  2.90347  2.73739  3.18146  2.89801  2.37887  2.77519  2.98518  4.58477  3.61503
          0.01112  4.90061  5.62296  0.61958  0.77255  0.48576  0.95510
     20   3.76586  5.00987  5.76300  5.19726  2.34151  5.14876  5.51755  1.11808  5.05583  1.22004  3.42554  5.30897  5.31137  5.05296  5.05004  4.52028  3.99017  2.04530  5.70063  4.63333     22 - -
          2.68618  4.42225  2.77519  2.73123  3.46354  2.40513  3.72494  3.29354  2.67741  2.69355  4.24690  2.90347  2.73739  3.18146  2.89801  2.37887  2.77519  2.98518  4.58477  3.61503
          0.01112  4.90061  5.62296  0.61958  0.77255  0.48576  0.95510
     21   3.32786  5.37714  3.58745  3.23738  4.66044  3.94514  4.31242  4.12236  2.85488  3.24537  4.64905  3.66501  4.47432  0.61597  3.11976  3.38817  3.23908  3.84791  5.93651  4.62092     23 - -
          2.68618  4.42225  2.77519  2.73123  3.46354  2.40513  3.72494  3.29354  2.67741  2.69355  4.24690  2.90347  2.73739  3.18146  2.89801  2.37887  2.77519  2.98518  4.58477  3.61503
          0.01112  4.90061  5.62296  0.61958  0.77255  0.48576  0.95510
     22   3.48916  5.65859  3.89287  2.94064  5.19428  4.11423  4.01672  4.55157  0.66673  3.94167  4.76303  3.60069  4.45125  2.63414  2.24391  3.45412  3.64163  4.20543  5.86716  4.75407     24 - -
          2.68618  4.42225  2.77519  2.73123  3.46354  2.40513  3.72494  3.29354  2.67741  2.69355  4.24690  2.90347  2.73739  3.18146  2.89801  2.37887  2.77519  2.98518  4.58477  3.61503
          0.01112  4.90061  5.62296  0.61958  0.77255  0.48576  0.95510
     23   3.47719  4.77626  5.33977  4.75972  2.99060  4.69499  4.99962  2.18747  4.58701  0.67517  2.71905  4.83440  4.93186  4.62296  4.58752  4.03949  3.69587  2.44210  5.30333  4.25208     25 - -
          2.68618  4.42225  2.77519  2.73123  3.46354  2.40513  3.72494  3.29354  2.67741  2.69355  4.24690  2.90347  2.73739  3.18146  2.89801  2.37887  2.77519  2.98518  4.58477  3.61503
          0.01112  4.90061  5.62296  0.61958  0.77255  0.48576  0.95510
     24   2.60388  4.42522  4.90066  4.31272  3.56806  4.27141  4.63620  2.08379  4.14555  1.99753  3.02682  4.38499  4.62072  4.31595  4.22115  2.93806  3.29608  1.04364  5.16341  3.98080     26 - -
          2.68618  4.42225  2.77519  2.73123  3.46354  2.40513  3.72494  3.29354  2.67741  2.69355  4.24690  2.90347  2.73739  3.18146  2.89801  2.37887  2.77519  2.98518  4.58477  3.61503
          0.01112  4.90061  5.62296  0.61958  0.77255  0.48576  0.95510
     25   2.96297  4.86638  4.02366  3.96786  5.02230  0.36392  5.05416  4.72236  4.11147  4.39958  5.23757  4.05248  4.40603  4.42455  4.33198  3.14312  3.49996  4.07201  6.28574  5.10212     27 - -
          2.68618  4.42225  2.77519  2.73123  3.46354  2.40513  3.72494  3.29354  2.67741  2.69355  4.24690  2.90347  2.73739  3.18146  2.89801  2.37887  2.77519  2.98518  4.58477  3.61503
          0.01112  4.90061  5.62296  0.61958  0.77255  0.48576  0.95510
     26   2.72571  5.27649  2.30303  2.37588  4.61877  3.61331  3.80273  3.69664  1.59520  3.59944  4.34166  2.54993  4.00499  2.80780  3.03700  2.80977  3.06969  2.50505  5.70253  4.33949     28 - -
          2.68618  4.42225  2.77519  2.73123  3.46354  2.40513  3.72494  3.29354  2.67741  2.69355  4.24690  2.90347  2.73739  3.18146  2.89801  2.37887  2.77519  2.98518  4.58477  3.61503
          0.01112  4.90061  5.62296  0.61958  0.77255  0.48576  0.95510
     27   3.35069  3.29392  5.28367  4.71021  3.65493  4.61972  5.03222  1.48243  4.54104  0.94684  3.52985  4.77539  4.92660  4.66955  4.58959  3.96286  3.09322  2.31154  5.44850  4.30562     29 - -
          2.68618  4.42225  2.77519  2.73123  3.46354  2.40513  3.72494  3.29354  2.67741  2.69355  4.24690  2.90347  2.73739  3.18146  2.89801  2.37887  2.77519  2.98518  4.58477  3.61503
          0.01112  4.90061  5.62296  0.61958  0.77255  0.48576  0.95510
     28   2.91398  4.96119  3.35548  2.85122  4.25234  3.72251  3.99565  3.63116  2.58891  3.28843  4.12469  1.15068  4.14604  3.18295  3.20585  2.98690  2.81695  2.39155  5.51791  4.25215     30 - -
          2.68618  4.42225  2.77519  2.73123  3.46354  2.40513  3.72494  3.29354  2.67741  2.69355  4.24690  2.90347  2.73739  3.18146  2.89801  2.37887  2.77519  2.98518  4.58477  3.61503
          0.01112  4.90061  5.62296  0.61958  0.77255  0.48576  0.95510
     29   4.79406  5.85093  5.68623  5.56802  2.37039  5.22978  4.29661  4.36512  5.31089  3.50846  4.90433  5.05837  5.59133  5.18268  5.19815  4.82560  5.04284  4.37285  0.36316  2.65332     31 - -
          2.68618  4.42225  2.77519  2.73123  3.46354  2.40513  3.72494  3.29354  2.67741  2.69355  4.24690  2.90347  2.73739  3.18146  2.89801  2.37887  2.77519  2.98518  4.58477  3.61503
          0.01112  4.90061  5.62296  0.61958  0.77255  0.48576  0.95510
     30   1.36206  4.42475  4.04450  3.46823  3.54220  3.39691  4.19172  2.53484  3.38529  2.25670  3.08565  3.77747  4.28209  3.64921  2.84665  2.97196  3.08940  2.34111  5.02930  3.82239     32 - -
          2.68618  4.42225  2.77519  2.73123  3.46354  2.40513  3.72494  3.29354  2.67741  2.69355  4.24690  2.90347  2.73739  3.18146  2.89801  2.37887  2.77519  2.98518  4.58477  3.61503
          0.01112  4.90061  5.62296  0.61958  0.77255  0.48576  0.95510
     31   2.21507  4.54789  3.15960  2.60532  4.55059  3.38128  3.84512  4.00516  2.59723  3.53692  4.30487  2.97999  4.03321  2.19225  2.41829  1.64385  2.86916  3.61100  5.71112  4.33353     33 - -
          2.68625  4.42232  2.77526  2.73130  3.46360  2.40507  3.72501  3.29361  2.67747  2.69361  4.24696  2.90353  2.73659  3.18153  2.89807  2.37893  2.77526  2.98525  4.58483  3.61510
          0.30285  1.67594  2.60158  0.14934  1.97524  0.48576  0.95510
     32   2.82760  5.10443  3.13767  2.36327  4.40735  3.61711  3.81184  3.85828  2.57945  3.42092  4.19719  3.12403  4.00698  1.31958  3.04359  2.59583  2.67671  3.50039  5.54884  3.29805     35 - -
          2.68618  4.42225  2.77519  2.73123  3.46354  2.40513  3.72494  3.29354  2.67741  2.69355  4.24690  2.90347  2.73739  3.18146  2.89801  2.37887  2.77519  2.98518  4.58477  3.61503
          0.01197  4.82745  5.54980  0.61958  0.77255  0.39460  1.12070
     33   2.68239  4.32368  4.43915  3.85268  3.43553  3.32538  4.31385  1.56650  3.71622  1.56769  3.44768  3.49032  4.35983  3.92158  3.86375  2.64317  3.10632  2.30133  4.95293  3.76505     36 - -
          2.68620  4.42227  2.77521  2.73125  3.46356  2.40493  3.72496  3.29356  2.67743  2.69357  4.24691  2.90348  2.73741  3.18148  2.89802  2.37889  2.77521  2.98520  4.58479  3.61505
          0.06434  2.83527  5.62296  0.32500  1.28203  0.48576  0.95510
     34   2.90180  4.41440  4.22853  3.64439  3.44590  3.97534  3.83757  2.11151  2.55720  2.21936  3.51992  3.89603  4.34421  3.76857  3.71299  3.25639  3.13265  2.49588  4.95968  1.46600     38 - -
          2.68618  4.42225  2.77519  2.73123  3.46354  2.40513  3.72494  3.29354  2.67741  2.69355  4.24690  2.90347  2.73739  3.18146  2.89801  2.37887  2.77519  2.98518  4.58477  3.61503
          0.01112  4.90061  5.62296  0.61958  0.77255  0.48576  0.95510
     35   2.29393  4.94846  3.10891  2.48942  4.16312  3.33321  3.91106  2.57081  2.74190  2.76627  4.02939  3.25566  1.83647  3.00546  3.19272  2.59634  2.98428  3.26732  5.47201  4.15879     39 - -
          2.68618  4.42225  2.77519  2.73123  3.46354  2.40513  3.72494  3.29354  2.67741  2.69355  4.24690  2.90347  2.73739  3.18146  2.89801  2.37887  2.77519  2.98518  4.58477  3.61503
          0.01112  4.90061  5.62296  0.61958  0.77255  0.48576  0.95510
     36   2.85703  4.96878  2.99522  2.75916  4.35018  1.20758  3.95175  3.78749  2.78187  3.39851  4.19337  3.25691  3.25715  3.12209  3.23548  2.90304  2.37241  3.44746  5.52435  4.28575     40 - -
          2.68620  4.42227  2.77521  2.73125  3.46356  2.40515  3.72496  3.29356  2.67743  2.69357  4.24692  2.90348  2.73741  3.18148  2.89803  2.37889  2.77489  2.98520  4.58479  3.61505
          0.11666  2.80256  3.00668  0.31927  1.29712  0.48576  0.95510
     37   2.84989  4.32267  4.32171  3.73421  3.42576  3.10966  4.25814  1.39262  2.79621  1.89653  3.43513  3.93867  4.32363  3.82917  3.77801  3.24262  2.95875  2.46398  4.93835  3.03398     42 - -
          2.68618  4.42225  2.77519  2.73123  3.46354  2.40513  3.72494  3.29354  2.67741  2.69355  4.24690  2.90347  2.73739  3.18146  2.89801  2.37887  2.77519  2.98518  4.58477  3.61503
          0.01165  4.85368  5.57603  0.61958  0.77255  0.59644  0.80022
     38   2.53283  5.32912  2.69606  2.53740  4.67191  3.61102  3.79445  4.14937  1.57091  3.62999  4.37369  3.08192  4.00546  2.72069  2.14956  2.30695  2.79091  3.71925  5.76094  4.36077     43 - -
          2.68618  4.42225  2.77519  2.73123  3.46354  2.40513  3.72494  3.29354  2.67741  2.69355  4.24690  2.90347  2.73739  3.18146  2.89801  2.37887  2.77519  2.98518  4.58477  3.61503
          0.01165  4.85368  5.57603  0.61958  0.77255  0.42230  1.06578
     39   2.99766  4.39134  4.01058  4.14409  3.51375  4.17750  4.51908  1.87892  3.98955  2.02252  2.87271  4.25460  4.53185  4.17189  4.09270  3.48507  1.73815  1.62155  5.08436  3.90092     44 - -
          2.68618  4.42225  2.77519  2.73123  3.46354  2.40513  3.72494  3.29354  2.67741  2.69355  4.24690  2.90347  2.73739  3.18146  2.89801  2.37887  2.77519  2.98518  4.58477  3.61503
          0.01112  4.90061  5.62296  0.61958  0.77255  0.48576  0.95510
     40   3.17496  5.50589  3.50161  2.90027  4.94528  3.88169  3.96084  4.35456  0.97373  3.80380  4.60061  3.38474  2.95137  3.07457  2.24631  2.34920  3.38310  3.96451  5.88243  4.60065     45 - -
          2.68618  4.42225  2.77519  2.73123  3.46354  2.40513  3.72494  3.29354  2.67741  2.69355  4.24690  2.90347  2.73739  3.18146  2.89801  2.37887  2.77519  2.98518  4.58477  3.61503
          0.03755  4.90061  3.52637  0.61958  0.77255  0.48576  0.95510
     41   2.28394  5.36038  3.04543  2.10407  4.69692  3.61426  2.86851  4.17846  2.56480  3.66153  4.40642  2.24423  2.82109  1.93177  3.05636  2.82691  3.09789  3.74712  5.79673  4.38771     46 - -
          2.68618  4.42225  2.77519  2.73123  3.46354  2.40513  3.72494  3.29354  2.67741  2.69355  4.24690  2.90347  2.73739  3.18146  2.89801  2.37887  2.77519  2.98518  4.58477  3.61503
          0.01141  4.87447  5.59682  0.61958  0.77255  0.44785  1.01888
     42   3.93654  5.17555  5.83656  5.29314  3.64580  5.31768  5.72091  1.65101  5.13538  0.58258  3.39949  5.47364  5.44009  5.13582  5.14943  4.71665  3.58554  2.58872  5.82896  4.81899     47 - -
          2.68618  4.42225  2.77519  2.73123  3.46354  2.40513  3.72494  3.29354  2.67741  2.69355  4.24690  2.90347  2.73739  3.18146  2.89801  2.37887  2.77519  2.98518  4.58477  3.61503
          0.01112  4.90061  5.62296  0.61958  0.77255  0.48576  0.95510
     43   2.59789  1.51252  4.57118  3.97798  2.48440  3.99364  4.34370  2.48244  3.81909  2.31537  3.42524  4.08183  4.37395  4.00092  3.92312  2.69574  2.53634  2.53089  4.93101  3.74728     48 - -
          2.68618  4.42225  2.77519  2.73123  3.46354  2.40513  3.72494  3.29354  2.67741  2.69355  4.24690  2.90347  2.73739  3.18146  2.89801  2.37887  2.77519  2.98518  4.58477  3.61503
          0.01112  4.90061  5.62296  0.61958  0.77255  0.48576  0.95510
     44   2.53230  5.32416  2.45761  2.41353  4.68191  3.61386  3.80260  4.17116  1.37356  3.65225  4.38570  2.75027  4.00797  2.90499  2.63105  2.51886  3.08113  3.73865  5.74006  4.36808     49 - -
          2.68618  4.42225  2.77519  2.73123  3.46354  2.40513  3.72494  3.29354  2.67741  2.69355  4.24690  2.90347  2.73739  3.18146  2.89801  2.37887  2.77519  2.98518  4.58477  3.61503
          0.01112  4.90061  5.62296  0.61958  0.77255  0.48576  0.95510
     45   2.93701  3.20715  4.76137  4.16666  3.37945  4.09441  4.42184  2.34527  3.98157  1.05784  2.72578  4.21513  4.44570  4.12965  4.03278  3.40908  2.44506  2.49817  4.92838  3.77462     50 - -
          2.68618  4.42225  2.77519  2.73123  3.46354  2.40513  3.72494  3.29354  2.67741  2.69355  4.24690  2.90347  2.73739  3.18146  2.89801  2.37887  2.77519  2.98518  4.58477  3.61503
          0.01112  4.90061  5.62296  0.61958  0.77255  0.48576  0.95510
     46   3.56815  4.86768  5.47301  4.88673  3.55335  4.85160  5.19895  1.42807  4.72278  1.07347  2.07917  4.98943  5.07999  4.77402  4.74213  4.19522  2.86191  2.57194  5.50104  4.42462     51 - -
          2.68618  4.42225  2.77519  2.73123  3.46354  2.40513  3.72494  3.29354  2.67741  2.69355  4.24690  2.90347  2.73739  3.18146  2.89801  2.37887  2.77519  2.98518  4.58477  3.61503
          0.01112  4.90061  5.62296  0.61958  0.77255  0.48576  0.95510
     47   3.47940  5.73252  3.85036  2.45189  5.24086  4.10976  4.02869  4.58144  1.43221  3.96022  4.79462  3.58964  4.45984  3.14407  1.02030  3.44180  3.16334  4.22202  5.96648  4.78158     52 - -
          2.68618  4.42225  2.77519  2.73123  3.46354  2.40513  3.72494  3.29354  2.67741  2.69355  4.24690  2.90347  2.73739  3.18146  2.89801  2.37887  2.77519  2.98518  4.58477  3.61503
          0.01112  4.90061  5.62296  0.61958  0.77255  0.48576  0.95510
     48   4.33400  5.90077  5.17747  5.22053  6.15563  0.08862  6.15330  6.10601  5.51052  5.56172  6.61680  5.34617  5.29485  5.75951  5.53784  4.54707  4.87462  5.45361  6.88876  6.32264     53 - -
          2.68619  4.42226  2.77520  2.73124  3.46355  2.40503  3.72495  3.29355  2.67742  2.69356  4.24691  2.90347  2.73740  3.18147  2.89802  2.37888  2.77520  2.98519  4.58478  3.61504
          0.03755  3.40402  5.62296  0.42481  1.06102  0.48576  0.95510
     49   2.11130  3.93193  2.17545  2.56359  4.58462  3.42771  3.81651  4.04892  2.02303  3.56305  4.32055  2.47839  3.73556  2.92425  3.05208  2.81592  2.48773  3.10864  5.72341  4.33250     55 - -
          2.68618  4.42225  2.77519  2.73123  3.46354  2.40513  3.72494  3.29354  2.67741  2.69355  4.24690  2.90347  2.73739  3.18146  2.89801  2.37887  2.77519  2.98518  4.58477  3.61503
          0.01112  4.90061  5.62296  0.61958  0.77255  0.48576  0.95510
     50   2.90841  5.32147  3.20340  2.63252  4.65244  3.68270  3.84182  4.10509  1.39750  3.01748  4.04874  3.16395  4.07017  2.38996  2.44142  2.29858  2.76223  3.70583  5.74991  4.38262     56 - -
          2.68618  4.42225  2.77519  2.73123  3.46354  2.40513  3.72494  3.29354  2.67741  2.69355  4.24690  2.90347  2.73739  3.18146  2.89801  2.37887  2.77519  2.98518  4.58477  3.61503
          0.01112  4.90061  5.62296  0.61958  0.77255  0.48576  0.95510
     51   1.79929  5.36788  2.14635  2.36345  4.70685  3.24685  3.53531  4.19126  2.56696  3.67081  4.41194  2.42849  3.11745  2.64847  3.06244  2.65114  2.93705  3.75559  5.80342  4.39144     57 - -
          2.68618  4.42225  2.77519  2.73123  3.46354  2.40513  3.72494  3.29354  2.67741  2.69355  4.24690  2.90347  2.73739  3.18146  2.89801  2.37887  2.77519  2.98518  4.58477  3.61503
          0.01112  4.90061  5.62296  0.61958  0.77255  0.48576  0.95510
     52   3.72160  5.09958  5.29447  4.77957  3.56848  4.86503  5.27622  2.53177  4.57708  0.47632  3.38367  4.97763  3.16205  4.72782  4.67320  4.24819  3.97155  2.89192  5.61149  4.52819     58 - -
          2.68618  4.42225  2.77519  2.73123  3.46354  2.40513  3.72494  3.29354  2.67741  2.69355  4.24690  2.90347  2.73739  3.18146  2.89801  2.37887  2.77519  2.98518  4.58477  3.61503
          0.01112  4.90061  5.62296  0.61958  0.77255  0.48576  0.95510
     53   2.75862  5.31767  2.58781  2.45845  4.64216  3.62326  3.82065  4.11463  2.35096  2.71377  4.36489  2.18958  4.02233  2.49936  3.05631  2.82438  1.81399  3.69740  5.76193  4.36210     59 - -
          2.68618  4.42225  2.77519  2.73123  3.46354  2.40513  3.72494  3.29354  2.67741  2.69355  4.24690  2.90347  2.73739  3.18146  2.89801  2.37887  2.77519  2.98518  4.58477  3.61503
          0.01112  4.90061  5.62296  0.61958  0.77255  0.48576  0.95510
     54   2.91122  5.71521  1.90147  1.37439  5.03799  3.68017  4.04314  4.54472  2.90030  4.01493  4.78850  3.13688  4.19118  2.77194  3.43990  1.69063  3.40351  4.09902  6.15176  4.69156     60 - -
          2.68618  4.42225  2.77519  2.73123  3.46354  2.40513  3.72494  3.29354  2.67741  2.69355  4.24690  2.90347  2.73739  3.18146  2.89801  2.37887  2.77519  2.98518  4.58477  3.61503
          0.01112  4.90061  5.62296  0.61958  0.77255  0.48576  0.95510
     55   2.83945  4.96389  3.27434  2.12668  4.20011  3.67963  3.16255  2.74205  1.89065  2.99739  4.05336  3.22785  4.06534  2.93239  3.07410  2.88959  2.79373  2.21923  5.46116  3.64154     61 - -
          2.68618  4.42225  2.77519  2.73123  3.46354  2.40513  3.72494  3.29354  2.67741  2.69355  4.24690  2.90347  2.73739  3.18146  2.89801  2.37887  2.77519  2.98518  4.58477  3.61503
          0.01112  4.90061  5.62296  0.61958  0.77255  0.48576  0.95510
     56   2.88729  4.36042  4.22661  3.65181  3.49762  3.95638  4.23702  2.19983  3.49067  2.48724  3.49686  3.89361  4.31397  3.76659  1.95397  3.25317  3.11666  1.34183  4.94844  3.80061     62 - -
          2.68618  4.42225  2.77519  2.73123  3.46354  2.40513  3.72494  3.29354  2.67741  2.69355  4.24690  2.90347  2.73739  3.18146  2.89801  2.37887  2.77519  2.98518  4.58477  3.61503
          0.01112  4.90061  5.62296  0.61958  0.77255  0.48576  0.95510
     57   2.61770  5.29400  3.10727  2.28689  4.61748  3.61911  3.80823  2.97020  2.15275  3.58986  4.34050  2.94286  2.54350  2.25054  2.66940  2.51150  2.65859  3.34139  5.73968  4.34260     63 - -
          2.68618  4.42225  2.77519  2.73123  3.46354  2.40513  3.72494  3.29354  2.67741  2.69355  4.24690  2.90347  2.73739  3.18146  2.89801  2.37887  2.77519  2.98518  4.58477  3.61503
          0.01112  4.90061  5.62296  0.61958  0.77255  0.48576  0.95510
     58   3.68781  4.98435  5.56412  4.96577  3.42312  4.93576  5.18942  2.20111  4.78649  0.92275  2.65758  5.06690  5.12388  4.77828  4.77254  4.27779  3.90091  2.90174  1.64020  4.32027     64 - -
          2.68618  4.42225  2.77519  2.73123  3.46354  2.40513  3.72494  3.29354  2.67741  2.69355  4.24690  2.90347  2.73739  3.18146  2.89801  2.37887  2.77519  2.98518  4.58477  3.61503
          0.01112  4.90061  5.62296  0.61958  0.77255  0.48576  0.95510
     59   3.00308  5.10502  3.28198  2.35304  4.81623  3.65243  4.35444  4.23407  3.23056  3.85819  4.68637  3.48102  4.26846  3.54208  3.65996  2.26016  0.81311  3.80097  6.08333  4.76403     65 - -
          2.68618  4.42225  2.77519  2.73123  3.46354  2.40513  3.72494  3.29354  2.67741  2.69355  4.24690  2.90347  2.73739  3.18146  2.89801  2.37887  2.77519  2.98518  4.58477  3.61503
          0.01112  4.90061  5.62296  0.61958  0.77255  0.48576  0.95510
     60   2.47789  5.34276  2.93853  1.50232  4.68191  3.61980  3.80873  4.16199  2.06425  3.22877  4.38601  3.08976  2.76010  2.83253  2.66237  2.81484  3.08110  3.73043  5.77738  4.37231     66 - -
          2.68618  4.42225  2.77519  2.73123  3.46354  2.40513  3.72494  3.29354  2.67741  2.69355  4.24690  2.90347  2.73739  3.18146  2.89801  2.37887  2.77519  2.98518  4.58477  3.61503
          0.01112  4.90061  5.62296  0.61958  0.77255  0.48576  0.95510
     61   2.66235  5.23802  3.18114  1.08707  4.53190  3.67462  3.86344  3.36275  2.59137  3.51212  3.99488  3.17128  4.07098  2.82496  2.66783  2.88742  3.12309  3.59838  5.69925  4.33774     67 - -
          2.68618  4.42225  2.77519  2.73123  3.46354  2.40513  3.72494  3.29354  2.67741  2.69355  4.24690  2.90347  2.73739  3.18146  2.89801  2.37887  2.77519  2.98518  4.58477  3.61503
          0.01112  4.90061  5.62296  0.61958  0.77255  0.48576  0.95510
     62   0.56743  4.86879  3.80307  3.53510  4.68436  3.62302  2.77864  4.22616  3.56689  3.88554  4.73520  3.80236  4.32527  3.92069  3.88634  2.83384  3.36599  3.75259  6.04940  4.75387     68 - -
          2.68618  4.42225  2.77519  2.73123  3.46354  2.40513  3.72494  3.29354  2.67741  2.69355  4.24690  2.90347  2.73739  3.18146  2.89801  2.37887  2.77519  2.98518  4.58477  3.61503
          0.01112  4.90061  5.62296  0.61958  0.77255  0.48576  0.95510
     63   2.84590  5.09866  3.21570  1.60617  4.35340  3.66454  3.86202  3.18273  2.45671  2.43794  4.16473  3.18205  4.05467  2.65162  2.61175  2.86568  2.70435  2.80162  5.58855  4.24268     69 - -
          2.68618  4.42225  2.77519  2.73123  3.46354  2.40513  3.72494  3.29354  2.67741  2.69355  4.24690  2.90347  2.73739  3.18146  2.89801  2.37887  2.77519  2.98518  4.58477  3.61503
          0.01112  4.90061  5.62296  0.61958  0.77255  0.48576  0.95510
     64   2.09038  5.07783  3.20151  2.20568  4.34664  3.31084  3.85059  3.54787  2.04974  2.11703  3.91381  3.17053  4.04042  2.48285  3.10648  2.85557  3.06832  3.20927  5.55252  4.23233     70 - -
          2.68618  4.42225  2.77519  2.73123  3.46354  2.40513  3.72494  3.29354  2.67741  2.69355  4.24690  2.90347  2.73739  3.18146  2.89801  2.37887  2.77519  2.98518  4.58477  3.61503
          0.01112  4.90061  5.62296  0.61958  0.77255  0.48576  0.95510
     65   2.84777  3.69950  3.15739  1.12640  4.43751  3.63486  3.42799  3.89510  2.60122  3.45573  4.22324  3.14202  4.02210  2.96404  2.92872  2.52822  3.07752  3.53422  5.54931  4.26726     71 - -
          2.68618  4.42225  2.77519  2.73123  3.46354  2.40513  3.72494  3.29354  2.67741  2.69355  4.24690  2.90347  2.73739  3.18146  2.89801  2.37887  2.77519  2.98518  4.58477  3.61503
          0.01112  4.90061  5.62296  0.61958  0.77255  0.48576  0.95510
     66   2.73612  4.28815  4.79465  4.18640  3.08209  4.06882  4.38465  2.37449  3.98776  1.21455  3.36702  4.20478  4.42772  4.12645  4.01956  3.37817  2.96206  2.38074  3.16970  2.31954     72 - -
          2.68618  4.42225  2.77519  2.73123  3.46354  2.40513  3.72494  3.29354  2.67741  2.69355  4.24690  2.90347  2.73739  3.18146  2.89801  2.37887  2.77519  2.98518  4.58477  3.61503
          0.01112  4.90061  5.62296  0.61958  0.77255  0.48576  0.95510
     67   2.00836  5.31439  3.09429  1.47452  4.66709  3.18614  3.81129  4.15009  2.23920  3.63907  4.37865  3.09741  4.01790  2.43256  2.86382  2.82666  3.09068  3.72649  5.73240  4.36747     73 - -
          2.68618  4.42225  2.77519  2.73123  3.46354  2.40513  3.72494  3.29354  2.67741  2.69355  4.24690  2.90347  2.73739  3.18146  2.89801  2.37887  2.77519  2.98518  4.58477  3.61503
          0.01112  4.90061  5.62296  0.61958  0.77255  0.48576  0.95510
     68   2.61430  5.29789  2.94592  1.52869  4.65117  3.48168  3.79348  3.86399  2.12041  3.06367  4.36008  2.94002  3.99752  2.39807  2.89645  2.71140  2.73875  3.71022  5.71764  4.34808     74 - -
          2.68618  4.42225  2.77519  2.73123  3.46354  2.40513  3.72494  3.29354  2.67741  2.69355  4.24690  2.90347  2.73739  3.18146  2.89801  2.37887  2.77519  2.98518  4.58477  3.61503
          0.01112  4.90061  5.62296  0.61958  0.77255  0.48576  0.95510
     69   2.55372  3.14972  3.85337  3.28585  3.65880  3.86310  4.14163  2.77364  3.04686  2.73274  3.63596  1.46186  4.24706  3.51707  3.54744  3.12120  3.09604  2.03338  5.12337  3.65169     75 - -
          2.68618  4.42225  2.77519  2.73123  3.46354  2.40513  3.72494  3.29354  2.67741  2.69355  4.24690  2.90347  2.73739  3.18146  2.89801  2.37887  2.77519  2.98518  4.58477  3.61503
          0.01112  4.90061  5.62296  0.61958  0.77255  0.48576  0.95510
     70   2.76395  5.43853  3.21400  2.13925  4.81051  3.71311  3.85458  4.27239  1.78808  3.72828  4.48288  2.54231  4.10229  2.22096  1.77095  2.92936  3.18870  3.84592  5.83091  4.46314     76 - -
          2.68618  4.42225  2.77519  2.73123  3.46354  2.40513  3.72494  3.29354  2.67741  2.69355  4.24690  2.90347  2.73739  3.18146  2.89801  2.37887  2.77519  2.98518  4.58477  3.61503
          0.00750  4.89699        *  0.61958  0.77255  0.00000        *
//
