HMMER3/b [3.0b2 | June 2009]
NAME  MULE
ACC   PF10551.2
DESC  MULE transposase domain
LENG  93
ALPH  amino
RF    no
CS    no
MAP   yes
DATE  Fri Sep 18 17:03:01 2009
NSEQ  131
EFFN  10.054474
CKSUM 1490273831
GA    21.00 21.00;
TC    21.00 21.00;
NC    20.90 20.90;
BM    hmmbuild HMM.ann SEED.ann
SM    hmmsearch -Z 9421015 -E 1000 HMM pfamseq
STATS LOCAL MSV       -9.2428  0.71837
STATS LOCAL VITERBI  -10.4291  0.71837
STATS LOCAL FORWARD   -3.8431  0.71837
HMM          A        C        D        E        F        G        H        I        K        L        M        N        P        Q        R        S        T        V        W        Y   
            m->m     m->i     m->d     i->m     i->i     d->m     d->d
  COMPO   2.53356  3.76956  2.95051  2.77997  3.04404  3.00705  3.49068  2.84203  2.71789  2.48166  3.46007  3.06858  3.50463  3.18544  2.99230  2.68392  2.82602  2.60461  4.13269  3.48333
          2.68618  4.42225  2.77519  2.73123  3.46354  2.40513  3.72494  3.29354  2.67741  2.69355  4.24690  2.90347  2.73739  3.18146  2.89801  2.37887  2.77519  2.98518  4.58477  3.61503
          0.00380  5.97053  6.69288  0.61958  0.77255  0.00000        *
      1   2.08590  4.11778  3.15482  3.05868  5.09174  1.64829  4.38739  4.54625  3.00489  3.53342  4.84628  2.44493  4.58683  3.50118  3.28313  1.98392  2.53845  2.64393  6.25463  4.87357      1 - -
          2.68618  4.42225  2.77519  2.73123  3.46354  2.40513  3.72494  3.29354  2.67741  2.69355  4.24690  2.90347  2.73739  3.18146  2.89801  2.37887  2.77519  2.98518  4.58477  3.61503
          0.00380  5.97053  6.69288  0.61958  0.77255  0.48576  0.95510
      2   3.23958  3.90912  4.24880  3.22980  4.15699  4.24635  4.65537  2.82158  2.98743  2.74536  2.85392  3.62961  4.01059  2.77345  3.55131  2.39619  1.21485  2.70087  5.80143  3.82168      2 - -
          2.68699  4.42007  2.77600  2.73176  3.46235  2.40568  3.72444  3.29313  2.67635  2.69352  4.24695  2.90378  2.73760  3.18191  2.89747  2.37892  2.77590  2.98412  4.58409  3.61375
          0.33465  1.80198  2.12497  1.55745  0.23657  0.48576  0.95510
      3   3.06182  4.28752  3.10532  3.34108  2.03067  4.37002  2.02622  3.47467  3.28076  2.85605  2.73202  3.79742  4.33761  3.83085  3.62004  3.23501  3.48738  3.15480  3.89410  1.74044      8 - -
          2.68618  4.42225  2.77519  2.73123  3.46354  2.40513  3.72494  3.29354  2.67741  2.69355  4.24690  2.90347  2.73739  3.18146  2.89801  2.37887  2.77519  2.98518  4.58477  3.61503
          0.01857  5.84475  4.16643  0.61958  0.77255  1.11686  0.39647
      4   3.04323  5.73251  3.21135  2.67334  4.09437  2.43220  4.28869  3.97542  1.98019  2.41344  2.17197  2.86131  4.21562  3.39759  2.03739  2.86137  3.54075  3.54091  6.18673  4.79792      9 - -
          2.68618  4.42225  2.77519  2.73123  3.46354  2.40513  3.72494  3.29354  2.67741  2.69355  4.24690  2.90347  2.73739  3.18146  2.89801  2.37887  2.77519  2.98518  4.58477  3.61503
          0.23771  5.83055  1.56720  0.61958  0.77255  1.16492  0.37389
      5   3.17368  4.37125  2.53493  2.85717  4.83780  3.65009  4.02391  3.59909  2.21060  2.57056  4.60116  2.81181  3.84482  3.28127  3.20685  2.10226  1.71983  3.04253  6.01207  3.79357     10 - -
          2.68630  4.42237  2.77503  2.73135  3.46366  2.40513  3.72443  3.29366  2.67753  2.69354  4.24702  2.90349  2.73752  3.18159  2.89813  2.37883  2.77519  2.98447  4.58489  3.61515
          0.43649  1.77605  1.69069  0.09094  2.44266  1.46190  0.26370
      6   2.97215  5.55267  3.22762  2.67703  4.54928  1.53866  4.04745  4.35771  2.37434  3.31989  4.59739  1.99883  3.27657  2.98484  3.11579  2.54261  3.06200  3.93505  5.16124  3.78075     12 - -
          2.68618  4.42225  2.77519  2.73123  3.46354  2.40513  3.72494  3.29354  2.67741  2.69355  4.24690  2.90347  2.73739  3.18146  2.89801  2.37887  2.77519  2.98518  4.58477  3.61503
          0.00652  5.43251  6.15485  0.61958  0.77255  1.89597  0.16272
      7   2.80265  5.56598  2.04369  2.73550  3.17406  3.58082  4.04405  4.38055  1.70383  3.73395  4.18759  3.15798  2.53444  2.98189  2.58798  2.88351  2.83961  3.67775  6.00450  3.49013     13 - -
          2.68618  4.42225  2.77519  2.73123  3.46354  2.40513  3.72494  3.29354  2.67741  2.69355  4.24690  2.90347  2.73739  3.18146  2.89801  2.37887  2.77519  2.98518  4.58477  3.61503
          0.01555  5.43251  4.50465  0.61958  0.77255  1.24035  0.34148
      8   2.66421  4.13448  3.36515  2.83396  2.60724  3.18640  3.32217  3.59700  3.04794  2.65017  3.79389  3.25340  4.47456  3.57054  3.24946  2.84804  2.41719  3.16148  3.99037  1.73219     14 - -
          2.68618  4.42225  2.77519  2.73123  3.46354  2.40513  3.72494  3.29354  2.67741  2.69355  4.24690  2.90347  2.73739  3.18146  2.89801  2.37887  2.77519  2.98518  4.58477  3.61503
          0.14523  5.54781  2.03043  0.61958  0.77255  1.75713  0.18939
      9   3.01479  4.63765  2.96406  2.33021  4.14725  2.71086  3.66391  3.82418  1.51307  3.44684  3.96179  2.53665  4.23364  2.74812  2.27201  2.77792  3.29699  3.96241  6.00629  4.59632     15 - -
          2.68618  4.42225  2.77519  2.73123  3.46354  2.40513  3.72494  3.29354  2.67741  2.69355  4.24690  2.90347  2.73739  3.18146  2.89801  2.37887  2.77519  2.98518  4.58477  3.61503
          0.09716  5.40925  2.42917  0.61958  0.77255  1.45274  0.26648
     10   2.88797  5.09048  3.48303  2.43939  3.51738  1.42282  3.26960  3.27735  2.72060  2.84916  3.40951  3.56091  3.99563  3.13179  3.31338  3.09325  3.12279  2.71252  4.49348  3.76354     16 - -
          2.68661  4.42157  2.77580  2.73132  3.46331  2.40538  3.72432  3.29371  2.67687  2.69311  4.24643  2.90358  2.73719  3.18145  2.89754  2.37914  2.77499  2.98548  4.58537  3.61506
          0.19556  1.74037  6.13198  1.64365  0.21477  1.76430  0.18790
     11   1.77365  4.86590  3.16228  2.61215  4.77180  3.50024  3.25794  3.50277  2.23157  2.96880  3.31313  3.13588  2.71209  2.71210  3.12388  2.96220  2.74057  3.16767  5.93524  3.75990     25 - -
          2.68618  4.42225  2.77519  2.73123  3.46354  2.40513  3.72494  3.29354  2.67741  2.69355  4.24690  2.90347  2.73739  3.18146  2.89801  2.37887  2.77519  2.98518  4.58477  3.61503
          0.00651  5.43369  6.15604  0.61958  0.77255  0.64035  0.74889
     12   3.06391  4.79693  3.58180  2.74477  3.08018  3.62270  3.68383  2.92172  2.66883  1.41843  3.20032  3.55729  4.56877  3.00259  2.57088  3.03798  2.92437  3.11814  5.77156  3.34818     26 - -
          2.68618  4.42225  2.77519  2.73123  3.46354  2.40513  3.72494  3.29354  2.67741  2.69355  4.24690  2.90347  2.73739  3.18146  2.89801  2.37887  2.77519  2.98518  4.58477  3.61503
          0.00480  5.73698  6.45933  0.61958  0.77255  0.86308  0.54794
     13   1.93719  4.78688  5.07493  4.48601  2.17622  3.47904  4.05432  2.85068  3.28157  1.79455  2.97948  3.11983  3.77981  4.50020  3.84398  3.22571  3.06157  2.10226  4.11203  3.46150     27 - -
          2.68618  4.42225  2.77519  2.73123  3.46354  2.40513  3.72494  3.29354  2.67741  2.69355  4.24690  2.90347  2.73739  3.18146  2.89801  2.37887  2.77519  2.98518  4.58477  3.61503
          0.00445  5.81224  6.53459  0.61958  0.77255  1.22272  0.34875
     14   2.57898  4.76206  3.64837  3.13427  4.29232  3.29425  4.44275  2.76489  2.81254  2.76289  3.59372  3.10356  2.80750  3.37707  3.04950  2.04647  2.34390  2.45854  4.57409  2.77949     28 - -
          2.68618  4.42225  2.77519  2.73123  3.46354  2.40513  3.72494  3.29354  2.67741  2.69355  4.24690  2.90347  2.73739  3.18146  2.89801  2.37887  2.77519  2.98518  4.58477  3.61503
          0.18324  5.81224  1.80523  0.61958  0.77255  1.22272  0.34875
     15   1.63753  4.91401  3.39861  2.81078  3.88805  3.79058  3.83321  3.46151  2.25948  2.66943  4.34358  2.63428  3.52704  2.55170  3.03281  2.66816  2.93839  3.32674  4.90983  3.54261     29 - -
          2.68618  4.42225  2.77519  2.73123  3.46354  2.40513  3.72494  3.29354  2.67741  2.69355  4.24690  2.90347  2.73739  3.18146  2.89801  2.37887  2.77519  2.98518  4.58477  3.61503
          0.00532  5.63433  6.35668  0.61958  0.77255  1.15039  0.38055
     16   2.78241  3.52080  3.70514  3.17445  3.09169  2.85358  3.85078  2.71730  2.22449  2.45435  2.74253  3.01105  4.56145  3.43155  2.78695  2.31086  2.92152  2.96446  5.72075  3.44931     30 - -
          2.68607  4.41937  2.77612  2.73267  3.46235  2.40639  3.72292  3.29215  2.67797  2.68953  4.24502  2.90482  2.73826  3.18271  2.89858  2.37972  2.77565  2.98377  4.58526  3.61204
          1.62228  0.68154  1.21499  1.28440  0.32409  1.43310  0.27255
     17   2.49900  5.04338  3.13234  2.47409  3.94072  3.40443  4.17291  2.21836  3.04936  2.96766  3.63341  3.38884  3.45861  2.89398  3.47867  2.74376  2.21419  1.97239  5.58638  4.30026     35 - -
          2.68618  4.42225  2.77519  2.73123  3.46354  2.40513  3.72494  3.29354  2.67741  2.69355  4.24690  2.90347  2.73739  3.18146  2.89801  2.37887  2.77519  2.98518  4.58477  3.61503
          0.00699  5.36278  6.08513  0.61958  0.77255  0.75652  0.63355
     18   1.78493  4.15482  4.18792  4.54773  1.98635  3.72376  4.77900  2.38690  4.35431  1.69133  3.43732  3.65876  4.81549  3.79823  3.72845  3.33511  3.37385  2.18862  4.78911  3.53249     36 - -
          2.68618  4.42225  2.77519  2.73123  3.46354  2.40513  3.72494  3.29354  2.67741  2.69355  4.24690  2.90347  2.73739  3.18146  2.89801  2.37887  2.77519  2.98518  4.58477  3.61503
          0.00515  5.66766  6.39001  0.61958  0.77255  1.56578  0.23436
     19   3.00170  2.58393  4.24585  3.72602  3.01729  4.44303  4.76811  2.00468  4.07900  2.01545  2.78453  4.22005  4.80831  3.61570  3.75127  2.52278  2.55542  1.83105  5.31091  3.71946     37 - -
          2.68618  4.42225  2.77519  2.73123  3.46354  2.40513  3.72494  3.29354  2.67741  2.69355  4.24690  2.90347  2.73739  3.18146  2.89801  2.37887  2.77519  2.98518  4.58477  3.61503
          0.03524  5.66766  3.46827  0.61958  0.77255  0.32386  1.28502
     20   2.48490  4.40572  3.59816  3.27036  4.69293  0.97224  4.43186  4.09596  3.16482  3.48526  3.95342  3.45719  3.92747  3.13672  3.71124  2.30626  3.32622  2.73734  5.99894  4.68453     38 - -
          2.68618  4.42225  2.77519  2.73123  3.46354  2.40513  3.72494  3.29354  2.67741  2.69355  4.24690  2.90347  2.73739  3.18146  2.89801  2.37887  2.77519  2.98518  4.58477  3.61503
          0.00413  5.88765  6.60999  0.61958  0.77255  0.71684  0.67000
     21   3.06441  3.42894  5.16632  3.54951  3.29685  4.59430  4.91361  1.79880  2.62273  2.49882  2.61520  4.13969  4.96067  3.67459  3.30855  3.10785  3.15245  1.66974  5.49108  2.60594     39 - -
          2.68618  4.42225  2.77519  2.73123  3.46354  2.40513  3.72494  3.29354  2.67741  2.69355  4.24690  2.90347  2.73739  3.18146  2.89801  2.37887  2.77519  2.98518  4.58477  3.61503
          0.00403  5.91104  6.63339  0.61958  0.77255  0.84335  0.56259
     22   3.03367  5.34714  1.34929  2.82652  4.72651  3.81728  3.00266  4.54863  2.99041  3.98391  4.90700  2.25440  3.67750  2.99197  3.25053  2.30486  2.15727  4.25701  6.29901  4.55448     40 - -
          2.68618  4.42225  2.77519  2.73123  3.46354  2.40513  3.72494  3.29354  2.67741  2.69355  4.24690  2.90347  2.73739  3.18146  2.89801  2.37887  2.77519  2.98518  4.58477  3.61503
          0.00403  5.91104  6.63339  0.61958  0.77255  0.84335  0.56259
     23   2.03674  4.21022  3.01053  2.18053  5.20475  2.24459  2.69767  4.31068  2.64885  3.23375  3.31470  2.64918  3.34693  3.08392  2.86882  2.64386  3.40467  3.93014  5.48402  4.06416     41 - -
          2.68618  4.42225  2.77519  2.73123  3.46354  2.40513  3.72494  3.29354  2.67741  2.69355  4.24690  2.90347  2.73739  3.18146  2.89801  2.37887  2.77519  2.98518  4.58477  3.61503
          0.48126  5.91104  0.96947  0.61958  0.77255  0.68537  0.70099
     24   3.09583  4.78284  2.01739  2.37465  3.90994  2.77555  2.27945  4.04787  2.82925  2.97567  2.70249  2.39915  4.27813  2.80329  3.31458  3.07805  3.01105  3.46318  5.96505  4.57884     42 - -
          2.68618  4.42225  2.77519  2.73123  3.46354  2.40513  3.72494  3.29354  2.67741  2.69355  4.24690  2.90347  2.73739  3.18146  2.89801  2.37887  2.77519  2.98518  4.58477  3.61503
          0.00634  5.46013  6.18247  0.61958  0.77255  1.86581  0.16815
     25   2.21745  5.58264  1.71777  2.71340  4.32444  2.30891  3.64181  4.39876  2.63661  3.03242  4.26025  2.40226  4.26334  3.01315  2.79005  2.74380  3.22690  3.82212  5.18283  4.61502     43 - -
          2.68627  4.42234  2.77453  2.73096  3.46363  2.40522  3.72504  3.29363  2.67750  2.69364  4.24699  2.90356  2.73749  3.18156  2.89810  2.37870  2.77529  2.98528  4.58486  3.61512
          0.07317  3.20527  3.50630  1.14845  0.38145  0.33356  1.26007
     26   3.03707  4.39632  2.38917  2.17855  4.02072  2.64208  3.18889  4.66087  2.39523  4.13374  4.26784  2.90662  2.84139  2.33862  2.57727  2.34568  2.87578  4.21921  4.29599  4.84844     48 - -
          2.68618  4.42225  2.77519  2.73123  3.46354  2.40513  3.72494  3.29354  2.67741  2.69355  4.24690  2.90347  2.73739  3.18146  2.89801  2.37887  2.77519  2.98518  4.58477  3.61503
          0.00430  5.84660  6.56894  0.61958  0.77255  1.11038  0.39963
     27   2.96373  4.71376  3.66317  3.78257  3.57473  1.94863  4.27332  2.52358  3.21821  2.24730  2.85017  3.99868  3.87627  3.83262  2.95403  2.30057  2.22291  2.66085  5.63433  3.57426     49 - -
          2.68618  4.42225  2.77519  2.73123  3.46354  2.40513  3.72494  3.29354  2.67741  2.69355  4.24690  2.90347  2.73739  3.18146  2.89801  2.37887  2.77519  2.98518  4.58477  3.61503
          0.00430  5.84660  6.56894  0.61958  0.77255  1.04220  0.43491
     28   2.99403  4.40542  4.52408  3.39563  1.53096  4.48712  4.40048  2.49658  3.27287  2.84143  3.54696  4.19103  4.85169  3.16345  3.28210  3.41926  2.83561  1.78793  5.47046  2.52125     50 - -
          2.68659  4.42273  2.77537  2.73107  3.46330  2.40550  3.72367  3.29350  2.67657  2.69357  4.24688  2.90395  2.73766  3.18174  2.89676  2.37904  2.77560  2.98530  4.58420  3.61506
          0.35737  1.36787  3.08272  0.67746  0.70908  0.91947  0.50871
     29   3.28150  4.78815  5.27390  4.66458  2.97740  4.55875  4.13305  2.29919  4.46886  2.24276  3.58749  3.37407  1.25123  4.61683  4.50853  3.32317  3.00904  2.08954  5.40852  2.78736     53 - -
          2.68621  4.42229  2.77523  2.73127  3.46357  2.40516  3.72498  3.29358  2.67744  2.69341  4.24693  2.90350  2.73727  3.18150  2.89804  2.37890  2.77498  2.98522  4.58480  3.61507
          0.05006  3.16308  5.03133  0.22572  1.59919  0.79154  0.60358
     30   3.25699  4.16682  5.40838  4.79207  2.04255  4.60183  4.93606  2.30959  4.57384  1.14539  3.71413  4.76874  4.96524  4.70229  3.90358  3.91372  3.17560  1.89672  4.76539  2.67102     55 - -
          2.68584  4.42266  2.77478  2.73164  3.46395  2.40554  3.72535  3.29395  2.67707  2.69320  4.24373  2.90387  2.73780  3.18187  2.89656  2.37928  2.77478  2.98559  4.58518  3.61544
          0.05816  2.89827  6.58739  1.88293  0.16504  0.44871  1.01735
     31   1.21549  4.04624  3.11558  3.23753  3.77753  1.82808  3.76187  3.94419  2.53197  3.52328  4.36923  3.48986  4.61422  3.57990  3.39461  2.75098  3.51549  3.03316  6.09152  4.75745     64 - -
          2.68618  4.42225  2.77519  2.73123  3.46354  2.40513  3.72494  3.29354  2.67741  2.69355  4.24690  2.90347  2.73739  3.18146  2.89801  2.37887  2.77519  2.98518  4.58477  3.61503
          0.00393  5.93690  6.65925  0.61958  0.77255  0.70583  0.68062
     32   2.84905  2.84534  4.20872  4.14353  1.41037  4.64769  3.70350  2.73575  4.60426  2.17890  3.72906  4.40143  5.01151  4.73776  4.61671  3.95844  3.42582  2.70107  3.49863  1.73505     65 - -
          2.68618  4.42225  2.77519  2.73123  3.46354  2.40513  3.72494  3.29354  2.67741  2.69355  4.24690  2.90347  2.73739  3.18146  2.89801  2.37887  2.77519  2.98518  4.58477  3.61503
          0.00393  5.93690  6.65925  0.61958  0.77255  0.70583  0.68062
     33   1.53730  5.43732  3.19684  2.68453  2.75508  2.41599  4.49477  3.04150  3.26752  3.52390  3.49107  2.24348  4.66487  3.41351  3.51171  3.14673  3.29217  2.92398  3.92825  3.51210     66 - -
          2.68618  4.42225  2.77519  2.73123  3.46354  2.40513  3.72494  3.29354  2.67741  2.69355  4.24690  2.90347  2.73739  3.18146  2.89801  2.37887  2.77519  2.98518  4.58477  3.61503
          0.00393  5.93690  6.65925  0.61958  0.77255  0.70583  0.68062
     34   3.33385  4.85416  5.45026  4.10907  2.55614  4.65026  4.98414  1.76235  3.99336  1.27735  3.84707  4.81475  4.43259  4.74786  4.62378  3.53504  3.37682  1.51112  4.42515  4.06302     67 - -
          2.68618  4.42225  2.77519  2.73123  3.46354  2.40513  3.72494  3.29354  2.67741  2.69355  4.24690  2.90347  2.73739  3.18146  2.89801  2.37887  2.77519  2.98518  4.58477  3.61503
          0.00393  5.93690  6.65925  0.61958  0.77255  0.70583  0.68062
     35   2.56200  4.19865  2.99975  4.16307  2.34146  2.89326  4.88996  2.25840  4.28220  2.24648  2.81914  4.02626  4.95056  3.80575  3.01870  3.10025  2.53160  1.81907  5.53881  4.34999     68 - -
          2.68619  4.42226  2.77520  2.73124  3.46322  2.40514  3.72495  3.29355  2.67742  2.69356  4.24691  2.90348  2.73740  3.18147  2.89802  2.37888  2.77520  2.98519  4.58478  3.61504
          0.06599  4.39984  2.96469  0.41787  1.07426  0.36928  1.17517
     36   2.66774  5.87400  2.37652  1.78071  4.54102  3.33050  4.32215  4.54773  2.59343  3.40166  4.39321  2.53585  3.55034  2.85961  2.49462  2.00153  3.08056  3.68355  5.40503  4.06126     70 - -
          2.68618  4.42225  2.77519  2.73123  3.46354  2.40513  3.72494  3.29354  2.67741  2.69355  4.24690  2.90347  2.73739  3.18146  2.89801  2.37887  2.77519  2.98518  4.58477  3.61503
          0.00993  5.92068  4.93349  0.61958  0.77255  0.67524  0.71138
     37   2.69198  5.87765  1.77810  2.69255  4.42021  2.95769  3.94283  4.26913  2.52647  4.18331  4.91807  2.66139  3.86764  3.16697  2.82911  1.68004  2.52850  3.85416  6.30980  4.43829     71 - -
          2.68701  4.42308  2.77500  2.73206  3.46233  2.40596  3.72578  3.29437  2.67824  2.69249  4.24773  2.90080  2.73724  3.18229  2.89768  2.37901  2.77500  2.98475  4.57935  3.61586
          0.07320  2.74713  5.04034  2.38195  0.09692  0.43957  1.03371
     38   2.97176  5.90606  3.02261  0.66898  5.25086  4.16476  4.35440  4.73666  2.65034  3.72459  4.94723  3.45336  4.56037  3.00751  3.03794  3.18549  3.47683  3.90270  6.33830  4.92733     85 - -
          2.68618  4.42225  2.77519  2.73123  3.46354  2.40513  3.72494  3.29354  2.67741  2.69355  4.24690  2.90347  2.73739  3.18146  2.89801  2.37887  2.77519  2.98518  4.58477  3.61503
          0.00386  5.95379  6.67614  0.61958  0.77255  0.60227  0.79311
     39   3.00854  3.33659  2.64201  3.01706  5.23487  3.08516  4.09849  4.52876  2.53059  4.19584  4.93215  1.75943  4.55125  3.44181  2.82539  1.69800  2.00550  4.28104  6.32459  4.91444     86 - -
          2.68618  4.42225  2.77519  2.73123  3.46354  2.40513  3.72494  3.29354  2.67741  2.69355  4.24690  2.90347  2.73739  3.18146  2.89801  2.37887  2.77519  2.98518  4.58477  3.61503
          0.00386  5.95379  6.67614  0.61958  0.77255  0.60227  0.79311
     40   2.05642  4.59384  3.11008  2.21345  4.41588  3.81329  4.11529  4.18152  2.46038  3.06475  4.63384  3.10159  3.80540  2.55211  3.06224  2.40682  2.48614  2.67131  6.31010  2.74459     87 - -
          2.68618  4.42225  2.77519  2.73123  3.46354  2.40513  3.72494  3.29354  2.67741  2.69355  4.24690  2.90347  2.73739  3.18146  2.89801  2.37887  2.77519  2.98518  4.58477  3.61503
          0.00386  5.95379  6.67614  0.61958  0.77255  0.60227  0.79311
     41   2.85278  5.89600  1.74070  1.40712  5.24209  3.77847  4.17977  4.33391  2.66147  3.97333  4.59922  3.05922  3.30770  3.18219  3.07559  2.14277  3.26028  3.73219  6.32807  4.47193     88 - -
          2.68618  4.42225  2.77519  2.73123  3.46354  2.40513  3.72494  3.29354  2.67741  2.69355  4.24690  2.90347  2.73739  3.18146  2.89801  2.37887  2.77519  2.98518  4.58477  3.61503
          0.00386  5.95379  6.67614  0.61958  0.77255  0.60227  0.79311
     42   2.60843  5.72375  2.10512  3.09597  3.88687  3.45932  3.59676  3.96510  3.08191  3.23775  4.32482  2.66968  3.93804  3.41735  3.53398  1.65476  1.98909  3.17905  5.11229  3.41221     89 - -
          2.68592  4.42227  2.77521  2.73125  3.46356  2.40514  3.72496  3.29356  2.67742  2.69357  4.24691  2.90348  2.73741  3.18148  2.89802  2.37889  2.77521  2.98520  4.58479  3.61505
          0.03190  3.89666  4.50192  0.32644  1.27829  0.60227  0.79311
     43   3.60512  4.97054  5.56205  4.95883  2.12445  4.76831  5.01861  2.16200  4.74129  2.94696  2.82113  4.91806  5.12648  4.85596  4.73975  3.85770  3.83660  2.50306  1.27085  1.89936     91 - -
          2.68618  4.42225  2.77519  2.73123  3.46354  2.40513  3.72494  3.29354  2.67741  2.69355  4.24690  2.90347  2.73739  3.18146  2.89801  2.37887  2.77519  2.98518  4.58477  3.61503
          0.00390  5.94392  6.66626  0.61958  0.77255  0.66432  0.72283
     44   2.54790  4.59604  2.99410  2.49452  4.48712  3.89616  3.99903  3.65159  2.12213  2.47751  3.79809  3.43492  4.56054  2.43901  2.90757  2.68145  2.00322  2.94710  6.26429  3.35961     92 - -
          2.68531  4.42251  2.77546  2.73149  3.46250  2.40526  3.72521  3.29349  2.67755  2.69357  4.24534  2.90373  2.73766  3.18172  2.89807  2.37903  2.77529  2.98521  4.58301  3.61495
          0.09892  2.46624  4.68014  1.03945  0.43641  0.59376  0.80351
     45   2.92018  5.84729  3.20870  2.34106  3.50221  3.52097  4.05886  4.01481  2.28990  3.84398  4.89243  3.22512  3.47507  3.02474  3.57841  2.74064  3.42853  4.22878  1.20595  3.76342     96 - -
          2.68618  4.42225  2.77519  2.73123  3.46354  2.40513  3.72494  3.29354  2.67741  2.69355  4.24690  2.90347  2.73739  3.18146  2.89801  2.37887  2.77519  2.98518  4.58477  3.61503
          0.00391  5.94212  6.66446  0.61958  0.77255  0.67516  0.71146
     46   2.49728  3.59665  5.46095  4.84470  1.23168  4.65521  4.98942  3.02725  4.62667  1.62885  3.37334  4.82181  5.01875  4.75540  4.63028  3.62048  2.82883  2.00503  4.71344  3.97053     97 - -
          2.68618  4.42225  2.77519  2.73123  3.46354  2.40513  3.72494  3.29354  2.67741  2.69355  4.24690  2.90347  2.73739  3.18146  2.89801  2.37887  2.77519  2.98518  4.58477  3.61503
          0.00391  5.94212  6.66446  0.61958  0.77255  0.61702  0.77555
     47   3.24382  3.87680  4.59631  4.85492  1.97024  4.29111  5.00269  2.80791  4.63791  0.75612  2.77947  4.83425  5.03134  4.76640  4.64252  3.98064  3.72986  2.83319  5.49200  3.78316     98 - -
          2.68618  4.42225  2.77519  2.73123  3.46354  2.40513  3.72494  3.29354  2.67741  2.69355  4.24690  2.90347  2.73739  3.18146  2.89801  2.37887  2.77519  2.98518  4.58477  3.61503
          0.00389  5.94719  6.66954  0.61958  0.77255  0.64421  0.74460
     48   2.81075  5.13563  2.65280  1.40298  4.59470  3.98453  4.33934  3.59088  2.20916  3.67883  4.50528  2.41606  4.54581  2.59799  2.30437  2.80773  3.35767  3.73910  6.32292  4.91167     99 - -
          2.68723  4.42100  2.77497  2.73100  3.46206  2.40591  3.72530  3.29208  2.67662  2.69223  4.24775  2.90403  2.73860  3.18184  2.89554  2.37964  2.77591  2.98525  4.58403  3.61591
          0.44093  1.20737  2.85454  1.49684  0.25339  0.55411  0.85469
     49   2.85369  3.84360  3.38106  3.00424  4.29835  2.25491  3.64613  3.30911  2.22473  3.33355  4.31629  2.50598  4.26594  2.61888  2.27196  2.77540  2.15245  3.23660  6.25608  4.85762    105 - -
          2.68618  4.42225  2.77519  2.73123  3.46354  2.40513  3.72494  3.29354  2.67741  2.69355  4.24690  2.90347  2.73739  3.18146  2.89801  2.37887  2.77519  2.98518  4.58477  3.61503
          0.00409  5.89765  6.62000  0.61958  0.77255  0.45600  1.00461
     50   2.91258  4.47855  4.74470  4.84516  1.99322  4.65782  4.99188  2.27830  4.04191  1.30119  3.21886  4.20965  5.02143  4.75697  4.63226  3.46978  3.33821  1.78499  3.26636  3.88019    106 - -
          2.68618  4.42225  2.77519  2.73123  3.46354  2.40513  3.72494  3.29354  2.67741  2.69355  4.24690  2.90347  2.73739  3.18146  2.89801  2.37887  2.77519  2.98518  4.58477  3.61503
          0.00389  5.94702  6.66936  0.61958  0.77255  0.64531  0.74339
     51   2.88826  5.05082  2.97940  2.67070  3.40965  3.83756  3.19803  4.45705  1.63264  1.93600  4.32131  3.35872  3.88384  2.91342  2.42657  2.98042  2.75810  3.31189  6.30529  4.90047    107 - -
          2.68628  4.42184  2.77519  2.73124  3.46364  2.40507  3.72504  3.29364  2.67742  2.69365  4.24700  2.90357  2.73713  3.18156  2.89811  2.37890  2.77518  2.98515  4.58309  3.61513
          0.12699  3.00159  2.66567  0.67624  0.71035  0.55330  0.85578
     52   2.92999  4.97605  2.07549  2.28190  5.19674  3.16375  3.07089  3.06923  1.87019  3.99547  3.72480  2.60958  4.05017  2.98528  2.56452  2.81027  2.91924  3.65517  6.28338  4.23271    110 - -
          2.68618  4.42225  2.77519  2.73123  3.46354  2.40513  3.72494  3.29354  2.67741  2.69355  4.24690  2.90347  2.73739  3.18146  2.89801  2.37887  2.77519  2.98518  4.58477  3.61503
          0.02557  5.88501  3.79599  0.61958  0.77255  0.96204  0.48145
     53   1.61571  2.71606  2.41293  3.17649  3.57014  3.38297  4.11866  3.12084  3.45873  2.63382  3.99906  3.93186  3.89321  3.93270  3.39256  2.82263  3.01794  2.01255  4.65821  4.19581    111 - -
          2.68618  4.42225  2.77519  2.73123  3.46354  2.40513  3.72494  3.29354  2.67741  2.69355  4.24690  2.90347  2.73739  3.18146  2.89801  2.37887  2.77519  2.98518  4.58477  3.61503
          0.00725  5.86367  5.43023  0.61958  0.77255  0.98215  0.46921
     54   2.86900  4.20851  3.92040  3.50119  2.92628  4.01584  4.30588  2.27455  3.22946  1.65868  1.82958  3.83490  4.93256  4.56248  3.66795  3.47394  3.35853  2.04337  4.96554  3.41575    112 - -
          2.68618  4.42225  2.77519  2.73123  3.46354  2.40513  3.72494  3.29354  2.67741  2.69355  4.24690  2.90347  2.73739  3.18146  2.89801  2.37887  2.77519  2.98518  4.58477  3.61503
          0.39124  5.86691  1.13646  0.61958  0.77255  1.00328  0.45677
     55   3.10718  5.58956  2.98832  2.59659  3.78821  2.82177  3.22804  3.96231  2.81310  3.42451  4.44542  2.21455  3.16016  2.25145  2.57962  2.48747  2.74498  2.46538  6.02934  4.26112    113 - -
          2.68677  4.42324  2.77440  2.73070  3.46308  2.40550  3.72437  3.29253  2.67727  2.69347  4.24648  2.90349  2.73770  3.18160  2.89766  2.37933  2.77563  2.98552  4.58471  3.61461
          0.55532  0.85779  6.20860  1.23317  0.34442  1.06471  0.42286
     56   3.13275  5.68952  2.76059  2.50620  5.03133  1.96036  3.99349  3.85324  2.15377  3.67998  3.02032  2.31321  3.11938  2.72734  2.73028  2.99812  3.16031  3.20547  4.95314  4.04354    120 - -
          2.68636  4.42113  2.77521  2.73162  3.46429  2.40566  3.72322  3.29406  2.67499  2.69427  4.24756  2.90380  2.73659  3.18195  2.89638  2.37956  2.77577  2.98546  4.58443  3.61597
          1.49738  0.52981  1.67363  0.72989  0.65771  1.33751  0.30449
     57   2.94001  5.58934  3.00517  2.56539  4.92185  2.98468  3.86506  4.19867  2.64071  3.73951  4.63366  2.49713  1.14502  3.09163  3.20995  2.97926  3.33924  3.39509  6.02938  4.62547    126 - -
          2.68618  4.42225  2.77519  2.73123  3.46354  2.40513  3.72494  3.29354  2.67741  2.69355  4.24690  2.90347  2.73739  3.18146  2.89801  2.37887  2.77519  2.98518  4.58477  3.61503
          0.02678  5.47294  3.80665  0.61958  0.77255  1.85121  0.17084
     58   2.94224  5.05684  3.10183  2.93357  4.06356  3.24408  4.21415  2.33464  2.17420  2.24879  3.86321  3.60155  3.61726  2.79675  3.13999  2.97447  2.78270  1.99907  4.55046  4.05895    127 - -
          2.68621  4.42228  2.77522  2.73126  3.46357  2.40516  3.72497  3.29357  2.67744  2.69313  4.24693  2.90350  2.73742  3.18149  2.89804  2.37890  2.77522  2.98521  4.58480  3.61506
          0.06149  2.97340  4.76704  0.25463  1.49255  0.20252  1.69648
     59   2.76903  2.41877  5.39469  4.78174  2.87991  4.16514  4.50632  2.40099  3.84732  2.20043  2.48945  4.78234  4.11409  3.51268  4.59483  2.41062  2.27173  1.99474  5.46727  3.01314    129 - -
          2.68618  4.42225  2.77519  2.73123  3.46354  2.40513  3.72494  3.29354  2.67741  2.69355  4.24690  2.90347  2.73739  3.18146  2.89801  2.37887  2.77519  2.98518  4.58477  3.61503
          0.00400  5.91832  6.64067  0.61958  0.77255  0.80685  0.59106
     60   2.90167  4.40639  5.40902  4.81024  2.08798  4.21693  4.95132  1.51522  4.59614  2.34216  3.43881  4.78739  4.97950  4.72251  4.59943  3.94405  3.33326  1.19731  4.48099  4.27711    130 - -
          2.68618  4.42225  2.77519  2.73123  3.46354  2.40513  3.72494  3.29354  2.67741  2.69355  4.24690  2.90347  2.73739  3.18146  2.89801  2.37887  2.77519  2.98518  4.58477  3.61503
          0.00400  5.91832  6.64067  0.61958  0.77255  0.80685  0.59106
     61   3.35569  3.94048  5.44287  4.82667  3.35777  4.24222  3.81480  1.25704  4.60881  1.96009  2.19887  4.80414  5.00137  4.73772  4.61271  3.28920  3.26419  1.71861  5.46226  3.76382    131 - -
          2.68618  4.42225  2.77519  2.73123  3.46354  2.40513  3.72494  3.29354  2.67741  2.69355  4.24690  2.90347  2.73739  3.18146  2.89801  2.37887  2.77519  2.98518  4.58477  3.61503
          0.00400  5.91832  6.64067  0.61958  0.77255  0.35633  1.20478
     62   2.79774  3.45955  4.92981  4.34348  4.07186  4.14803  2.98435  2.92877  4.22671  2.86402  3.19608  4.55862  4.95483  4.44961  2.86043  1.64531  1.47426  2.17714  5.57855  4.38581    132 - -
          2.68618  4.42225  2.77519  2.73123  3.46354  2.40513  3.72494  3.29354  2.67741  2.69355  4.24690  2.90347  2.73739  3.18146  2.89801  2.37887  2.77519  2.98518  4.58477  3.61503
          0.00381  5.96670  6.68905  0.61958  0.77255  0.51385  0.91177
     63   4.00282  6.78818  0.35020  3.24058  6.08627  4.52723  5.00187  5.61106  3.65329  5.07538  5.88805  2.54482  5.11136  4.14852  4.05344  3.80952  3.81068  4.73136  7.21915  4.95906    133 - -
          2.68618  4.42225  2.77519  2.73123  3.46354  2.40513  3.72494  3.29354  2.67741  2.69355  4.24690  2.90347  2.73739  3.18146  2.89801  2.37887  2.77519  2.98518  4.58477  3.61503
          0.00381  5.96670  6.68905  0.61958  0.77255  0.51385  0.91177
     64   2.77352  2.62690  3.01875  2.69152  2.68631  1.98070  3.73222  4.23263  2.99999  3.48701  3.69176  2.86778  3.70192  2.43578  2.02258  3.20413  3.62501  4.24292  6.30512  4.27083    134 - -
          2.68618  4.42225  2.77519  2.73123  3.46354  2.40513  3.72494  3.29354  2.67741  2.69355  4.24690  2.90347  2.73739  3.18146  2.89801  2.37887  2.77519  2.98518  4.58477  3.61503
          0.00381  5.96670  6.68905  0.61958  0.77255  0.51385  0.91177
     65   2.86586  2.55292  1.82578  2.14751  3.70351  3.33758  2.06886  4.23852  2.83618  3.33401  4.93380  3.03626  4.56087  2.73533  3.58354  2.51003  3.62321  4.08892  6.32735  4.91914    135 - -
          2.68618  4.42225  2.77519  2.73123  3.46354  2.40513  3.72494  3.29354  2.67741  2.69355  4.24690  2.90347  2.73739  3.18146  2.89801  2.37887  2.77519  2.98518  4.58477  3.61503
          0.00381  5.96670  6.68905  0.61958  0.77255  0.51385  0.91177
     66   2.07206  4.75561  3.26682  2.96258  4.11557  3.80290  3.93478  3.98363  1.50742  3.35124  3.71927  3.10308  2.34012  2.74204  3.06198  2.57083  2.82230  4.12083  5.09756  4.91302    136 - -
          2.68618  4.42225  2.77519  2.73123  3.46354  2.40513  3.72494  3.29354  2.67741  2.69355  4.24690  2.90347  2.73739  3.18146  2.89801  2.37887  2.77519  2.98518  4.58477  3.61503
          0.00381  5.96670  6.68905  0.61958  0.77255  0.46859  0.98319
     67   1.57608  5.19815  3.61429  3.13036  4.83614  1.56013  4.45425  2.93638  3.25857  3.50017  4.22393  3.41662  3.87584  3.41955  3.31643  2.12608  2.69664  3.55526  6.10736  4.51559    137 - -
          2.68618  4.42225  2.77519  2.73123  3.46354  2.40513  3.72494  3.29354  2.67741  2.69355  4.24690  2.90347  2.73739  3.18146  2.89801  2.37887  2.77519  2.98518  4.58477  3.61503
          0.00380  5.97053  6.69288  0.61958  0.77255  0.48576  0.95510
     68   3.39856  4.88450  5.43797  3.20122  2.95076  4.67112  3.97662  1.58144  4.29389  1.31188  1.70592  4.82340  5.03496  4.11656  4.63535  3.98110  3.73723  2.94161  5.50560  3.75427    138 - -
          2.68618  4.42225  2.77519  2.73123  3.46354  2.40513  3.72494  3.29354  2.67741  2.69355  4.24690  2.90347  2.73739  3.18146  2.89801  2.37887  2.77519  2.98518  4.58477  3.61503
          0.00380  5.97053  6.69288  0.61958  0.77255  0.48576  0.95510
     69   2.19007  2.94991  3.56129  2.63118  3.74933  3.87759  4.59636  2.38730  2.52852  2.38206  3.47454  3.73355  3.44893  3.23650  2.60712  3.11079  3.51011  2.86232  4.42929  2.60661    139 - -
          2.68618  4.42225  2.77519  2.73123  3.46354  2.40513  3.72494  3.29354  2.67741  2.69355  4.24690  2.90347  2.73739  3.18146  2.89801  2.37887  2.77519  2.98518  4.58477  3.61503
          0.00380  5.97053  6.69288  0.61958  0.77255  0.48576  0.95510
     70   2.11985  5.90713  2.79833  2.43257  5.25335  3.55171  4.07096  4.43405  1.81242  3.45142  4.94749  2.20695  4.02894  2.85110  2.57768  2.39686  3.13166  3.80704  6.33913  3.13667    140 - -
          2.68618  4.42225  2.77519  2.73123  3.46354  2.40513  3.72494  3.29354  2.67741  2.69355  4.24690  2.90347  2.73739  3.18146  2.89801  2.37887  2.77519  2.98518  4.58477  3.61503
          0.00380  5.97053  6.69288  0.61958  0.77255  0.48576  0.95510
     71   0.70244  5.19975  4.38679  2.77190  3.82778  3.19152  4.74381  2.84293  3.78028  3.44044  4.33230  4.21819  4.84310  4.07969  4.13060  2.61695  3.32071  3.03062  5.81143  4.57891    141 - -
          2.68618  4.42225  2.77519  2.73123  3.46354  2.40513  3.72494  3.29354  2.67741  2.69355  4.24690  2.90347  2.73739  3.18146  2.89801  2.37887  2.77519  2.98518  4.58477  3.61503
          0.00380  5.97053  6.69288  0.61958  0.77255  0.48576  0.95510
     72   2.98357  4.08415  5.47690  4.86099  3.49201  4.67524  4.58565  1.05139  3.04155  2.04253  3.80358  4.84036  5.03883  4.77363  4.64924  3.98689  3.45846  1.55887  4.47284  4.06089    142 - -
          2.68618  4.42225  2.77519  2.73123  3.46354  2.40513  3.72494  3.29354  2.67741  2.69355  4.24690  2.90347  2.73739  3.18146  2.89801  2.37887  2.77519  2.98518  4.58477  3.61503
          0.00380  5.97053  6.69288  0.61958  0.77255  0.48576  0.95510
     73   2.51459  5.90755  2.81320  2.00288  5.25395  3.29900  3.53063  4.74086  1.66978  3.72740  4.10082  3.11394  3.49739  2.66056  2.29525  2.42481  3.06312  3.78245  6.33943  4.92768    143 - -
          2.68618  4.42225  2.77519  2.73123  3.46354  2.40513  3.72494  3.29354  2.67741  2.69355  4.24690  2.90347  2.73739  3.18146  2.89801  2.37887  2.77519  2.98518  4.58477  3.61503
          0.00380  5.97053  6.69288  0.61958  0.77255  0.48576  0.95510
     74   2.73134  5.06401  2.68805  1.62856  5.25178  4.00713  3.97183  4.07877  1.91304  3.15666  4.09404  2.86643  4.56088  2.82160  2.33986  2.86297  2.65047  4.29704  6.33834  3.44319    144 - -
          2.68623  4.42230  2.77524  2.73128  3.46359  2.40506  3.72442  3.29359  2.67746  2.69360  4.24694  2.90332  2.73744  3.18151  2.89805  2.37877  2.77524  2.98523  4.58482  3.61508
          0.05957  3.68051  3.42279  0.66539  0.72170  0.48576  0.95510
     75   3.08305  3.99320  5.33649  3.53345  3.40451  4.06508  4.08634  1.91492  3.92201  2.10982  3.88101  4.39159  4.27397  4.00129  4.58166  3.27792  2.91817  1.03031  4.75448  4.31191    147 - -
          2.68618  4.42225  2.77519  2.73123  3.46354  2.40513  3.72494  3.29354  2.67741  2.69355  4.24690  2.90347  2.73739  3.18146  2.89801  2.37887  2.77519  2.98518  4.58477  3.61503
          0.00392  5.93865  6.66100  0.61958  0.77255  0.58000  0.82075
     76   3.48886  3.99818  5.45448  4.47325  0.92399  4.65835  4.99193  2.69759  4.62336  2.33404  3.21940  4.82141  5.02203  3.13762  3.95522  3.52344  3.72103  2.43829  3.76115  2.70772    148 - -
          2.68625  4.42304  2.77517  2.73093  3.46434  2.40462  3.72516  3.29434  2.67707  2.69311  4.24769  2.90289  2.73758  3.18155  2.89881  2.37932  2.77565  2.98537  4.57536  3.61583
          0.23756  2.34073  2.16117  1.97960  0.14864  0.53608  0.87956
     77   3.00538  5.79898  3.22803  2.71704  5.13182  2.95004  4.28565  4.38543  2.60176  3.79262  4.84424  3.56709  0.91734  3.18266  3.51744  2.43519  3.25726  4.02877  6.24018  4.83672    161 - -
          2.68618  4.42225  2.77519  2.73123  3.46354  2.40513  3.72494  3.29354  2.67741  2.69355  4.24690  2.90347  2.73739  3.18146  2.89801  2.37887  2.77519  2.98518  4.58477  3.61503
          0.00434  5.83772  6.56006  0.61958  0.77255  0.42800  1.05501
     78   3.10605  5.83079  1.86204  2.11909  4.74554  2.89401  3.92596  4.69759  2.43243  3.08745  4.90196  2.10700  3.70557  3.09539  3.18861  2.14499  3.16647  4.14078  4.26665  3.85376    162 - -
          2.68637  4.42244  2.77510  2.73142  3.46372  2.40498  3.72450  3.29344  2.67692  2.69321  4.24668  2.90356  2.73758  3.18165  2.89808  2.37894  2.77530  2.98537  4.58496  3.61522
          0.13112  2.26885  3.93948  0.58173  0.81855  0.46691  0.98601
     79   1.63987  3.76416  4.14294  3.39803  4.26420  4.43217  4.69017  2.94629  3.74730  2.84870  4.23670  2.78369  4.37483  3.70692  4.08844  1.96836  1.98700  2.00039  5.71770  3.97465    165 - -
          2.68618  4.42225  2.77519  2.73123  3.46354  2.40513  3.72494  3.29354  2.67741  2.69355  4.24690  2.90347  2.73739  3.18146  2.89801  2.37887  2.77519  2.98518  4.58477  3.61503
          0.01867  5.93985  4.14351  0.61958  0.77255  0.68863  0.69768
     80   3.23560  4.75492  3.41758  2.22478  4.63778  3.84173  2.94643  2.96487  2.58921  3.44884  3.80151  3.04312  3.49264  2.24479  2.22260  2.61784  2.91379  2.92477  6.28291  2.63688    166 - -
          2.68628  4.42235  2.77529  2.73117  3.46364  2.40513  3.72504  3.29364  2.67734  2.69365  4.24699  2.90336  2.73749  3.18156  2.89810  2.37856  2.77529  2.98489  4.58487  3.61513
          0.05309  2.98762  6.64750  0.67613  0.71046  0.34145  1.24043
     81   2.95813  4.24597  4.26258  4.01027  3.78924  4.50834  1.27946  2.51022  3.63300  2.79867  4.18072  4.12817  4.48790  3.24353  2.95919  2.67356  2.50764  2.46206  3.58060  3.72814    169 - -
          2.68618  4.42225  2.77519  2.73123  3.46354  2.40513  3.72494  3.29354  2.67741  2.69355  4.24690  2.90347  2.73739  3.18146  2.89801  2.37887  2.77519  2.98518  4.58477  3.61503
          0.00380  5.97053  6.69288  0.61958  0.77255  0.48576  0.95510
     82   2.70818  4.18665  4.17028  3.60636  3.76161  2.76188  4.37706  3.04804  2.99806  2.30603  4.37344  4.05320  4.76589  1.84317  1.49575  2.82744  3.37763  3.26461  4.45196  4.16499    170 - -
          2.68618  4.42225  2.77519  2.73123  3.46354  2.40513  3.72494  3.29354  2.67741  2.69355  4.24690  2.90347  2.73739  3.18146  2.89801  2.37887  2.77519  2.98518  4.58477  3.61503
          0.00380  5.97053  6.69288  0.61958  0.77255  0.48576  0.95510
     83   2.90817  4.89620  4.59788  4.32000  2.52547  3.35009  4.59754  2.55817  4.54361  1.52260  3.19396  4.03762  5.02113  4.44649  2.11232  3.53486  3.16146  2.44618  2.57387  2.97871    171 - -
          2.68618  4.42225  2.77519  2.73123  3.46354  2.40513  3.72494  3.29354  2.67741  2.69355  4.24690  2.90347  2.73739  3.18146  2.89801  2.37887  2.77519  2.98518  4.58477  3.61503
          0.00380  5.97053  6.69288  0.61958  0.77255  0.48576  0.95510
     84   3.75987  0.35735  5.51343  5.02973  3.83659  3.92758  4.69592  3.96690  4.84907  3.40206  4.62769  4.99567  5.25887  5.03919  4.94604  2.85384  4.09236  3.73755  5.76068  3.93566    172 - -
          2.68618  4.42225  2.77519  2.73123  3.46354  2.40513  3.72494  3.29354  2.67741  2.69355  4.24690  2.90347  2.73739  3.18146  2.89801  2.37887  2.77519  2.98518  4.58477  3.61503
          0.00380  5.97053  6.69288  0.61958  0.77255  0.48576  0.95510
     85   2.17354  3.11063  4.34073  4.16936  3.18327  4.30302  3.96692  2.36996  2.71556  2.01959  2.50233  3.50912  4.95886  3.26906  3.10091  3.08306  3.08233  2.23140  4.08025  3.53873    173 - -
          2.68618  4.42225  2.77519  2.73123  3.46354  2.40513  3.72494  3.29354  2.67741  2.69355  4.24690  2.90347  2.73739  3.18146  2.89801  2.37887  2.77519  2.98518  4.58477  3.61503
          0.00380  5.97053  6.69288  0.61958  0.77255  0.48576  0.95510
     86   2.68545  4.16476  5.31090  4.70560  2.07191  3.50957  4.28717  3.03919  4.30670  2.86387  3.56875  4.43062  5.01747  3.69562  2.36776  3.29585  3.33005  1.92566  1.67441  3.14586    174 - -
          2.68618  4.42225  2.77519  2.73123  3.46354  2.40513  3.72494  3.29354  2.67741  2.69355  4.24690  2.90347  2.73739  3.18146  2.89801  2.37887  2.77519  2.98518  4.58477  3.61503
          0.00380  5.97053  6.69288  0.61958  0.77255  0.48576  0.95510
     87   3.62399  6.00520  3.44851  3.30440  5.31554  3.91125  0.54080  4.76751  3.23727  3.96797  5.06597  3.72239  4.05307  3.34053  2.71989  3.49205  3.85190  4.38352  6.43678  4.30282    175 - -
          2.68618  4.42225  2.77519  2.73123  3.46354  2.40513  3.72494  3.29354  2.67741  2.69355  4.24690  2.90347  2.73739  3.18146  2.89801  2.37887  2.77519  2.98518  4.58477  3.61503
          0.02806  5.97053  3.68434  0.61958  0.77255  0.48576  0.95510
     88   3.22146  4.20018  5.45140  4.83597  2.37876  4.65619  4.40761  1.56693  3.15796  1.71176  2.96345  4.81893  5.01989  3.79658  4.14608  3.96751  3.16130  1.62730  5.48328  3.89790    176 - -
          2.68675  4.41805  2.77577  2.73180  3.46411  2.40506  3.72552  3.29411  2.67798  2.69412  4.24747  2.90404  2.73620  3.18204  2.89650  2.37882  2.77577  2.98349  4.58534  3.61347
          0.07067  2.87195  4.45302  2.11231  0.12892  0.51797  0.90567
     89   2.66326  4.91582  4.08964  2.75390  2.83008  2.94286  4.32147  3.11821  2.59481  1.83767  2.91672  2.88864  4.68679  2.30888  3.62686  3.02291  3.05755  3.06275  4.03894  3.36828    187 - -
          2.68626  4.42233  2.77527  2.73131  3.46362  2.40479  3.72502  3.29362  2.67728  2.69363  4.24698  2.90354  2.73747  3.18154  2.89809  2.37895  2.77505  2.98498  4.58485  3.61511
          0.02934  3.58822  6.67023  0.94778  0.49037  0.40018  1.10927
     90   2.45585  5.86036  3.28445  2.48008  5.22687  3.19895  4.21436  3.14150  1.74449  4.20208  4.28519  3.36549  4.54935  2.40637  1.47416  2.71862  3.62051  4.28673  5.42018  4.90955    191 - -
          2.68618  4.42225  2.77519  2.73123  3.46354  2.40513  3.72494  3.29354  2.67741  2.69355  4.24690  2.90347  2.73739  3.18146  2.89801  2.37887  2.77519  2.98518  4.58477  3.61503
          0.00380  5.97053  6.69288  0.61958  0.77255  0.48576  0.95510
     91   2.28906  5.90206  3.20717  2.40964  5.24584  4.16866  4.35588  4.27523  2.10624  3.27543  4.94307  1.08876  4.56215  3.24278  3.23299  3.15680  2.91263  4.29201  6.33549  4.30041    192 - -
          2.68618  4.42225  2.77519  2.73123  3.46354  2.40513  3.72494  3.29354  2.67741  2.69355  4.24690  2.90347  2.73739  3.18146  2.89801  2.37887  2.77519  2.98518  4.58477  3.61503
          0.00380  5.97053  6.69288  0.61958  0.77255  0.48576  0.95510
     92   1.96192  3.65828  5.48231  4.63787  2.01230  4.67530  5.00957  2.10564  4.64758  1.77759  3.23123  4.84234  4.14774  4.77608  4.31854  3.69268  3.57199  1.78381  3.69422  3.24661    193 - -
          2.68618  4.42225  2.77519  2.73123  3.46354  2.40513  3.72494  3.29354  2.67741  2.69355  4.24690  2.90347  2.73739  3.18146  2.89801  2.37887  2.77519  2.98518  4.58477  3.61503
          0.00380  5.97053  6.69288  0.61958  0.77255  0.48576  0.95510
     93   2.79986  4.29946  3.38569  2.88549  3.74640  3.31273  3.81630  3.45692  1.98393  2.66156  2.62460  3.30086  3.58159  3.12116  2.56403  2.52440  3.01014  2.62287  4.19620  3.22609    194 - -
          2.68618  4.42225  2.77519  2.73123  3.46354  2.40513  3.72494  3.29354  2.67741  2.69355  4.24690  2.90347  2.73739  3.18146  2.89801  2.37887  2.77519  2.98518  4.58477  3.61503
          0.00256  5.96929        *  0.61958  0.77255  0.00000        *
//
